% 1d
% 2021_09_06_133_background
%  119
% from stack 2021_09_06_133_background
      280.000        6053.72
      280.500        5995.22
      281.000        5956.78
      281.500        5948.50
      282.000        5865.94
      282.500        5787.56
      283.000        5788.67
      283.100        5777.94
      283.200        5749.44
      283.300        5727.83
      283.400        5657.50
      283.500        5514.89
      283.600        5565.83
      283.700        5370.06
      283.800        5176.72
      283.900        5006.06
      284.000        4779.39
      284.100        4519.50
      284.200        4240.72
      284.300        3901.61
      284.400        3605.56
      284.500        3261.11
      284.600        3071.83
      284.700        3093.22
      284.800        3169.67
      284.900        3372.94
      285.000        3564.83
      285.100        3844.67
      285.200        4093.28
      285.300        4308.28
      285.400        4460.72
      285.500        4646.67
      285.600        4758.78
      285.700        4757.33
      285.800        4578.28
      285.900        4513.00
      286.000        4351.39
      286.100        4233.17
      286.200        4180.94
      286.300        4107.28
      286.400        4083.83
      286.500        4119.28
      286.600        4055.50
      286.700        3999.17
      286.800        3870.67
      286.900        3793.56
      287.000        3644.83
      287.100        3538.56
      287.200        3456.83
      287.300        3345.11
      287.400        3189.06
      287.500        3096.94
      287.600        2943.00
      287.700        2799.89
      287.800        2683.28
      287.900        2497.67
      288.000        2397.44
      288.100        2356.33
      288.200        2383.94
      288.300        2425.61
      288.400        2461.67
      288.500        2463.72
      288.600        2434.83
      288.700        2451.44
      288.800        2483.78
      288.900        2434.61
      289.000        2398.39
      289.250        2276.67
      289.500        2155.94
      289.750        1985.83
      290.000        1927.17
      290.250        1884.11
      290.500        1801.50
      290.750        1761.00
      291.000        1691.67
      291.250        1651.89
      291.500        1601.83
      291.750        1572.94
      292.000        1545.83
      292.250        1561.56
      292.500        1572.17
      292.750        1577.56
      293.000        1565.28
      293.250        1601.33
      293.500        1567.56
      293.750        1610.22
      294.000        1622.83
      294.500        1667.11
      295.000        1664.56
      295.500        1699.06
      296.000        1711.50
      296.500        1715.94
      297.000        1731.44
      297.500        1800.33
      298.000        1830.00
      298.500        1885.11
      299.000        1897.56
      299.500        1903.22
      300.000        1990.83
      301.000        2099.39
      302.000        2263.11
      303.000        2374.83
      304.000        2632.22
      305.000        2863.56
      306.000        3111.83
      307.000        3378.44
      308.000        3605.78
      309.000        3861.39
      310.000        4026.33
      311.000        4150.33
      312.000        4362.11
      313.000        4584.67
      314.000        4778.78
      315.000        5075.28
      316.000        5275.39
      317.000        5441.39
      318.000        5518.72
      319.000        5690.78
      320.000        5759.67
