% 1d
% 2021_09_06_082_darkscan
%  119
% from stack 2021_09_06_082_darkscan
      280.000        16.8889
      280.500        19.1111
      281.000        15.4444
      281.500        18.1111
      282.000        17.0000
      282.500        20.0000
      283.000        18.1111
      283.100        15.8889
      283.200        18.3333
      283.300        17.0000
      283.400        19.0000
      283.500        14.1111
      283.600        14.8889
      283.700        18.2222
      283.800        18.7778
      283.900        19.2222
      284.000        18.0000
      284.100        18.2222
      284.200        16.7778
      284.300        19.0000
      284.400        15.6667
      284.500        16.2222
      284.600        18.5556
      284.700        16.8889
      284.800        13.4444
      284.900        15.4444
      285.000        15.7778
      285.100        17.8889
      285.200        17.3333
      285.300        16.1111
      285.400        15.2222
      285.500        15.8889
      285.600        17.2222
      285.700        18.5556
      285.800        14.3333
      285.900        14.8889
      286.000        16.1111
      286.100        19.7778
      286.200        19.7778
      286.300        15.3333
      286.400        14.0000
      286.500        17.0000
      286.600        18.4444
      286.700        16.2222
      286.800        16.4444
      286.900        15.8889
      287.000        16.3333
      287.100        17.5556
      287.200        15.4444
      287.300        17.8889
      287.400        17.0000
      287.500        15.0000
      287.600        16.2222
      287.700        18.6667
      287.800        16.1111
      287.900        16.0000
      288.000        16.1111
      288.100        18.0000
      288.200        18.1111
      288.300        17.5556
      288.400        18.1111
      288.500        18.6667
      288.600        16.7778
      288.700        17.2222
      288.800        17.2222
      288.900        18.0000
      289.000        16.6667
      289.250        17.2222
      289.500        17.3333
      289.750        16.8889
      290.000        16.1111
      290.250        18.8889
      290.500        17.8889
      290.750        19.5556
      291.000        18.2222
      291.250        14.8889
      291.500        19.0000
      291.750        16.2222
      292.000        15.4444
      292.250        15.8889
      292.500        16.0000
      292.750        17.5556
      293.000        18.1111
      293.250        13.8889
      293.500        17.0000
      293.750        16.0000
      294.000        16.2222
      294.500        19.8889
      295.000        15.1111
      295.500        13.2222
      296.000        17.0000
      296.500        16.3333
      297.000        20.3333
      297.500        19.0000
      298.000        17.5556
      298.500        15.4444
      299.000        17.7778
      299.500        17.0000
      300.000        20.6667
      301.000        18.2222
      302.000        16.0000
      303.000        14.7778
      304.000        16.4444
      305.000        15.1111
      306.000        19.7778
      307.000        16.6667
      308.000        16.2222
      309.000        14.6667
      310.000        16.7778
      311.000        15.7778
      312.000        18.2222
      313.000        16.8889
      314.000        17.3333
      315.000        16.6667
      316.000        16.2222
      317.000        18.2222
      318.000        17.8889
      319.000        17.0000
      320.000        14.6667
