% 1d
% 2021_06_24_028
%  119
% from stack 2021_06_24_028
      280.000        3825.97
      280.500        3763.58
      281.000        3714.77
      281.500        3698.68
      282.000        3656.60
      282.500        3633.36
      283.000        3611.48
      283.100        3597.35
      283.200        3595.52
      283.300        3599.40
      283.400        3576.20
      283.500        3558.73
      283.600        3529.37
      283.700        3466.75
      283.800        3393.95
      283.900        3287.59
      284.000        3155.48
      284.100        2972.03
      284.200        2822.78
      284.300        2645.16
      284.400        2487.87
      284.500        2344.82
      284.600        2261.65
      284.700        2283.08
      284.800        2345.57
      284.900        2447.38
      285.000        2554.03
      285.100        2709.13
      285.200        2857.02
      285.300        2981.17
      285.400        3102.74
      285.500        3174.36
      285.600        3222.14
      285.700        3199.63
      285.800        3160.93
      285.900        3071.07
      286.000        2989.30
      286.100        2936.02
      286.200        2925.47
      286.300        2968.66
      286.400        2999.13
      286.500        2978.91
      286.600        2952.84
      286.700        2895.67
      286.800        2817.72
      286.900        2710.46
      287.000        2655.33
      287.100        2583.93
      287.200        2520.16
      287.300        2447.72
      287.400        2349.52
      287.500        2274.39
      287.600        2172.58
      287.700        2086.18
      287.800        2037.95
      287.900        1951.32
      288.000        1918.47
      288.100        1898.53
      288.200        1916.92
      288.300        1951.42
      288.400        2001.65
      288.500        2012.05
      288.600        2023.18
      288.700        2033.26
      288.800        2024.98
      288.900        2012.97
      289.000        1973.31
      289.250        1905.83
      289.500        1842.57
      289.750        1765.12
      290.000        1717.27
      290.250        1716.75
      290.500        1681.94
      290.750        1648.69
      291.000        1622.82
      291.250        1579.51
      291.500        1579.57
      291.750        1573.68
      292.000        1569.16
      292.250        1556.57
      292.500        1570.04
      292.750        1581.56
      293.000        1611.38
      293.250        1622.43
      293.500        1640.41
      293.750        1655.63
      294.000        1656.23
      294.500        1712.89
      295.000        1722.70
      295.500        1739.25
      296.000        1760.17
      296.500        1784.70
      297.000        1792.78
      297.500        1890.94
      298.000        1939.02
      298.500        1937.43
      299.000        1942.83
      299.500        1949.60
      300.000        2050.88
      301.000        2179.09
      302.000        2293.45
      303.000        2407.84
      304.000        2554.95
      305.000        2719.54
      306.000        2875.80
      307.000        3034.01
      308.000        3201.34
      309.000        3357.30
      310.000        3535.02
      311.000        3689.31
      312.000        3850.07
      313.000        3983.63
      314.000        4131.65
      315.000        4246.81
      316.000        4288.28
      317.000        4419.67
      318.000        4519.51
      319.000        4646.48
      320.000        4720.37
