% 1d
% 2021_10_24_094_background
%  119
% from stack 2021_10_24_094_background
      280.000        15210.1
      280.500        15272.6
      281.000        15280.5
      281.500        15319.5
      282.000        15093.2
      282.500        15014.1
      283.000        14732.9
      283.100        14625.6
      283.200        14928.1
      283.300        14930.9
      283.400        14862.2
      283.500        14701.5
      283.600        14454.2
      283.700        13945.4
      283.800        13607.0
      283.900        13499.9
      284.000        13216.2
      284.100        12850.4
      284.200        12223.2
      284.300        11457.0
      284.400        10746.6
      284.500        10439.0
      284.600        10457.5
      284.700        10794.1
      284.800        11251.1
      284.900        11645.9
      285.000        12039.8
      285.100        12675.4
      285.200        13026.0
      285.300        13325.9
      285.400        13441.8
      285.500        13824.2
      285.600        13990.6
      285.700        13850.2
      285.800        13608.5
      285.900        13300.5
      286.000        12841.1
      286.100        12736.0
      286.200        12543.3
      286.300        12675.8
      286.400        12979.6
      286.500        12819.9
      286.600        12511.7
      286.700        12328.8
      286.800        11804.6
      286.900        11774.9
      287.000        11553.9
      287.100        11174.4
      287.200        11281.2
      287.300        10795.5
      287.400        10201.1
      287.500        9975.95
      287.600        9519.58
      287.700        9253.58
      287.800        9199.89
      287.900        8760.89
      288.000        8955.26
      288.100        9043.00
      288.200        8883.68
      288.300        9129.32
      288.400        8909.42
      288.500        9108.63
      288.600        9476.11
      288.700        9157.74
      288.800        9279.47
      288.900        9115.05
      289.000        8738.79
      289.250        8753.00
      289.500        8214.84
      289.750        8205.11
      290.000        8285.74
      290.250        7834.16
      290.500        7973.63
      290.750        7577.79
      291.000        7772.95
      291.250        7638.63
      291.500        7326.89
      291.750        7517.32
      292.000        7248.32
      292.250        7614.26
      292.500        7240.68
      292.750        7460.00
      293.000        7572.79
      293.250        7236.00
      293.500        7719.79
      293.750        7406.95
      294.000        7679.58
      294.500        7531.74
      295.000        7584.58
      295.500        7513.32
      296.000        7873.05
      296.500        8044.16
      297.000        8435.79
      297.500        8668.79
      298.000        8351.68
      298.500        8316.00
      299.000        8527.84
      299.500        9088.89
      300.000        9484.16
      301.000        9319.58
      302.000        9634.26
      303.000        10883.8
      304.000        10984.3
      305.000        11540.5
      306.000        12736.0
      307.000        13050.9
      308.000        13533.8
      309.000        14737.2
      310.000        14943.3
      311.000        15342.2
      312.000        16532.5
      313.000        16673.9
      314.000        17141.2
      315.000        18170.7
      316.000        18282.7
      317.000        18571.6
      318.000        19702.2
      319.000        19984.0
      320.000        20130.3
