% 1d
% 2021_09_06_115_background
%  119
% from stack 2021_09_06_115_background
      280.000        6204.71
      280.500        6169.06
      281.000        6051.29
      281.500        6004.35
      282.000        5930.59
      282.500        5693.76
      283.000        5810.41
      283.100        5810.53
      283.200        5806.18
      283.300        5813.24
      283.400        5782.35
      283.500        5767.65
      283.600        5654.88
      283.700        5498.41
      283.800        5273.24
      283.900        5132.00
      284.000        4872.47
      284.100        4657.53
      284.200        4319.59
      284.300        3991.12
      284.400        3670.47
      284.500        3332.53
      284.600        3152.71
      284.700        3161.12
      284.800        3253.82
      284.900        3459.94
      285.000        3666.88
      285.100        3902.59
      285.200        4214.88
      285.300        4409.82
      285.400        4629.53
      285.500        4852.82
      285.600        4850.59
      285.700        4804.59
      285.800        4723.65
      285.900        4545.59
      286.000        4361.35
      286.100        4242.29
      286.200        4268.41
      286.300        4116.88
      286.400        4343.71
      286.500        4351.29
      286.600        4314.00
      286.700        4185.82
      286.800        4112.29
      286.900        3882.88
      287.000        3752.76
      287.100        3619.24
      287.200        3541.53
      287.300        3390.35
      287.400        3286.06
      287.500        3153.12
      287.600        2987.76
      287.700        2869.35
      287.800        2709.71
      287.900        2573.65
      288.000        2492.88
      288.100        2448.29
      288.200        2461.76
      288.300        2500.65
      288.400        2511.18
      288.500        2609.35
      288.600        2615.24
      288.700        2598.82
      288.800        2571.24
      288.900        2505.88
      289.000        2447.18
      289.250        2327.88
      289.500        2234.53
      289.750        2099.35
      290.000        1996.12
      290.250        1958.71
      290.500        1865.47
      290.750        1795.94
      291.000        1772.88
      291.250        1717.29
      291.500        1671.76
      291.750        1647.53
      292.000        1621.53
      292.250        1622.00
      292.500        1646.88
      292.750        1645.71
      293.000        1640.88
      293.250        1636.12
      293.500        1657.65
      293.750        1675.71
      294.000        1579.76
      294.500        1721.24
      295.000        1746.53
      295.500        1757.76
      296.000        1768.82
      296.500        1765.47
      297.000        1763.88
      297.500        1861.71
      298.000        1920.82
      298.500        1968.59
      299.000        1965.00
      299.500        1940.18
      300.000        2054.65
      301.000        2177.18
      302.000        2353.82
      303.000        2524.65
      304.000        2749.71
      305.000        2962.53
      306.000        3241.35
      307.000        3477.53
      308.000        3732.59
      309.000        3934.18
      310.000        4148.29
      311.000        4384.71
      312.000        4616.06
      313.000        4842.65
      314.000        5069.59
      315.000        5223.06
      316.000        5376.71
      317.000        5557.88
      318.000        5626.00
      319.000        5931.12
      320.000        6058.24
