% 1d
% 2021_10_24_071_darkscan
%  119
% from stack 2021_10_24_071_darkscan
      280.000        97.7600
      280.500        95.2300
      281.000        98.6300
      281.500        95.8900
      282.000        96.0300
      282.500        95.6400
      283.000        96.4400
      283.100        94.5500
      283.200        97.7300
      283.300        106.070
      283.400        95.4500
      283.500        94.8500
      283.600        95.3500
      283.700        104.920
      283.800        98.2900
      283.900        94.4600
      284.000        94.3600
      284.100        94.0200
      284.200        92.8400
      284.300        92.7800
      284.400        94.6300
      284.500        94.4600
      284.600        92.7500
      284.700        92.9700
      284.800        97.1100
      284.900        95.9500
      285.000        94.2800
      285.100        94.2300
      285.200        94.2300
      285.300        93.4200
      285.400        93.6500
      285.500        93.6600
      285.600        94.7300
      285.700        92.7900
      285.800        93.7500
      285.900        92.3500
      286.000        93.6200
      286.100        93.8200
      286.200        92.6600
      286.300        93.0700
      286.400        93.4900
      286.500        94.2300
      286.600        94.0100
      286.700        93.9800
      286.800        93.5500
      286.900        93.2900
      287.000        95.1300
      287.100        95.1400
      287.200        93.4800
      287.300        91.8400
      287.400        93.7900
      287.500        93.0800
      287.600        94.9800
      287.700        94.1600
      287.800        94.9500
      287.900        94.3100
      288.000        94.0100
      288.100        94.6500
      288.200        94.2100
      288.300        92.8500
      288.400        94.8100
      288.500        93.9400
      288.600        95.0800
      288.700        94.0800
      288.800        92.7500
      288.900        95.4200
      289.000        92.0400
      289.250        94.3900
      289.500        93.6600
      289.750        93.4800
      290.000        93.0800
      290.250        94.8400
      290.500        93.2400
      290.750        93.8700
      291.000        93.1000
      291.250        92.6100
      291.500        92.4500
      291.750        94.1200
      292.000        94.2600
      292.250        92.9500
      292.500        94.4300
      292.750        91.8600
      293.000        94.0500
      293.250        94.5700
      293.500        92.7100
      293.750        92.6900
      294.000        93.4100
      294.500        95.2500
      295.000        94.6000
      295.500        94.4800
      296.000        96.3200
      296.500        95.7500
      297.000        93.2600
      297.500        93.1800
      298.000        93.4600
      298.500        95.1400
      299.000        94.8800
      299.500        96.1100
      300.000        95.1200
      301.000        95.3700
      302.000        94.1100
      303.000        94.0000
      304.000        93.1200
      305.000        95.6800
      306.000        95.8100
      307.000        95.6100
      308.000        96.5400
      309.000        95.6200
      310.000        95.5200
      311.000        95.1900
      312.000        96.0400
      313.000        94.1900
      314.000        94.5100
      315.000        95.0100
      316.000        90.8400
      317.000        85.0500
      318.000        92.3700
      319.000        92.2600
      320.000        89.4600
