% 1d
% 2021_09_07_104_background
%  119
% from stack 2021_09_07_104_background
      280.000        4916.33
      280.500        4858.20
      281.000        4823.20
      281.500        4835.67
      282.000        4744.67
      282.500        4677.60
      283.000        4651.33
      283.100        4489.13
      283.200        4375.00
      283.300        4402.40
      283.400        4261.40
      283.500        4067.20
      283.600        4144.80
      283.700        4171.40
      283.800        3932.53
      283.900        3708.80
      284.000        3309.60
      284.100        2658.53
      284.200        2144.67
      284.300        1806.27
      284.400        1669.60
      284.500        1600.27
      284.600        1588.20
      284.700        1658.40
      284.800        1798.13
      284.900        1923.87
      285.000        2067.00
      285.100        2163.33
      285.200        2434.73
      285.300        2658.80
      285.400        2914.27
      285.500        3034.27
      285.600        3135.53
      285.700        3060.07
      285.800        3151.40
      285.900        3055.07
      286.000        2945.93
      286.100        2927.07
      286.200        2952.20
      286.300        2890.40
      286.400        3012.67
      286.500        2990.87
      286.600        3030.73
      286.700        3116.00
      286.800        3016.33
      286.900        2939.87
      287.000        2831.73
      287.100        2630.73
      287.200        2560.40
      287.300        2409.07
      287.400        2260.20
      287.500        1987.67
      287.600        1789.00
      287.700        1608.13
      287.800        1496.67
      287.900        1393.40
      288.000        1285.73
      288.100        1358.67
      288.200        1441.00
      288.300        1547.87
      288.400        1544.47
      288.500        1658.67
      288.600        1689.27
      288.700        1566.67
      288.800        1537.73
      288.900        1554.47
      289.000        1615.87
      289.250        1555.07
      289.500        1519.33
      289.750        1427.27
      290.000        1338.40
      290.250        1302.60
      290.500        1319.07
      290.750        1321.27
      291.000        1273.73
      291.250        1239.60
      291.500        1217.07
      291.750        1169.47
      292.000        1131.80
      292.250        1058.93
      292.500        998.133
      292.750        992.067
      293.000        1091.80
      293.250        1087.73
      293.500        1109.00
      293.750        1127.87
      294.000        1140.33
      294.500        1113.33
      295.000        1088.80
      295.500        1088.53
      296.000        1196.33
      296.500        1161.33
      297.000        1152.20
      297.500        1292.73
      298.000        1319.60
      298.500        1333.47
      299.000        1333.60
      299.500        1320.47
      300.000        1416.07
      301.000        1531.40
      302.000        1642.40
      303.000        1774.67
      304.000        1918.67
      305.000        2134.47
      306.000        2295.40
      307.000        2561.07
      308.000        2757.87
      309.000        3039.47
      310.000        3240.73
      311.000        3495.07
      312.000        3600.27
      313.000        3682.47
      314.000        3855.60
      315.000        3861.80
      316.000        4069.93
      317.000        4400.47
      318.000        4738.00
      319.000        4950.73
      320.000        5001.47
