% 1d
% 2021_06_25_036_background
%  119
% from stack 2021_06_25_036_background
      280.000        11153.5
      280.500        11012.3
      281.000        10907.9
      281.500        10760.4
      282.000        10592.5
      282.500        10532.6
      283.000        10444.5
      283.100        10350.5
      283.200        10375.7
      283.300        10384.7
      283.400        10355.9
      283.500        10227.0
      283.600        10067.5
      283.700        9976.65
      283.800        9758.16
      283.900        9366.35
      284.000        9071.74
      284.100        8718.65
      284.200        8302.52
      284.300        7638.35
      284.400        7041.90
      284.500        6534.10
      284.600        6207.45
      284.700        6179.06
      284.800        6397.52
      284.900        6714.10
      285.000        7092.71
      285.100        7556.90
      285.200        8058.13
      285.300        8491.29
      285.400        8853.45
      285.500        9068.65
      285.600        9164.77
      285.700        9147.84
      285.800        8951.10
      285.900        8736.61
      286.000        8450.87
      286.100        8291.35
      286.200        8138.74
      286.300        8060.10
      286.400        8008.90
      286.500        7979.19
      286.600        7767.94
      286.700        7550.55
      286.800        7434.29
      286.900        7074.13
      287.000        6884.19
      287.100        6617.10
      287.200        6509.52
      287.300        6265.26
      287.400        6081.71
      287.500        5928.61
      287.600        5714.42
      287.700        5502.00
      287.800        5223.06
      287.900        5071.39
      288.000        4935.23
      288.100        4896.10
      288.200        4981.06
      288.300        5050.26
      288.400        4997.19
      288.500        5067.48
      288.600        5077.35
      288.700        5087.55
      288.800        4890.84
      288.900        4895.23
      289.000        4773.52
      289.250        4493.35
      289.500        4343.19
      289.750        4071.00
      290.000        3951.35
      290.250        3818.29
      290.500        3666.94
      290.750        3558.74
      291.000        3479.48
      291.250        3442.77
      291.500        3446.74
      291.750        3359.61
      292.000        3356.65
      292.250        3342.35
      292.500        3392.23
      292.750        3426.32
      293.000        3370.19
      293.250        3382.55
      293.500        3488.90
      293.750        3417.74
      294.000        3445.55
      294.500        3527.77
      295.000        3734.55
      295.500        3646.45
      296.000        3668.94
      296.500        3779.84
      297.000        3756.68
      297.500        3953.90
      298.000        4007.32
      298.500        4054.65
      299.000        4182.29
      299.500        4144.48
      300.000        4333.29
      301.000        4661.55
      302.000        4985.26
      303.000        5208.55
      304.000        5681.03
      305.000        6071.61
      306.000        6409.16
      307.000        6931.94
      308.000        7302.65
      309.000        7579.97
      310.000        8152.13
      311.000        8626.29
      312.000        8858.61
      313.000        9214.16
      314.000        9260.61
      315.000        9513.84
      316.000        9760.55
      317.000        10118.5
      318.000        10696.2
      319.000        11148.1
      320.000        11452.2
