% 1d
% 2021_09_05_220_background
%  119
% from stack 2021_09_05_220_background
      280.000        5385.74
      280.500        5346.95
      281.000        5194.26
      281.500        5319.42
      282.000        5260.42
      282.500        5309.32
      283.000        5220.05
      283.100        5098.63
      283.200        5249.53
      283.300        5116.63
      283.400        5168.47
      283.500        5164.58
      283.600        5125.00
      283.700        4875.53
      283.800        4768.63
      283.900        4642.32
      284.000        4249.89
      284.100        4008.58
      284.200        3586.74
      284.300        3258.05
      284.400        3082.74
      284.500        3102.68
      284.600        3132.89
      284.700        3252.11
      284.800        3357.79
      284.900        3623.21
      285.000        3824.21
      285.100        4043.63
      285.200        4232.37
      285.300        4539.42
      285.400        4765.53
      285.500        4740.00
      285.600        4721.58
      285.700        4647.89
      285.800        4557.84
      285.900        4258.89
      286.000        4120.68
      286.100        4064.05
      286.200        4069.42
      286.300        4113.53
      286.400        4161.63
      286.500        4192.95
      286.600        4113.84
      286.700        4041.79
      286.800        3996.95
      286.900        3927.11
      287.000        3824.74
      287.100        3745.79
      287.200        3597.53
      287.300        3507.32
      287.400        3368.58
      287.500        3182.05
      287.600        3072.68
      287.700        2919.84
      287.800        2767.84
      287.900        2575.26
      288.000        2513.37
      288.100        2501.58
      288.200        2596.21
      288.300        2709.21
      288.400        2784.79
      288.500        2837.74
      288.600        2840.68
      288.700        2831.05
      288.800        2782.58
      288.900        2752.16
      289.000        2671.16
      289.250        2607.53
      289.500        2486.79
      289.750        2389.58
      290.000        2329.16
      290.250        2273.84
      290.500        2206.68
      290.750        2158.37
      291.000        2130.37
      291.250        2073.79
      291.500        2014.53
      291.750        2019.89
      292.000        2026.58
      292.250        2024.47
      292.500        2017.74
      292.750        1987.05
      293.000        2004.32
      293.250        2027.21
      293.500        2031.68
      293.750        2033.63
      294.000        2054.95
      294.500        2133.37
      295.000        2174.05
      295.500        2207.21
      296.000        2197.89
      296.500        2217.05
      297.000        2243.00
      297.500        2376.63
      298.000        2417.16
      298.500        2451.21
      299.000        2457.42
      299.500        2502.74
      300.000        2628.05
      301.000        2775.53
      302.000        2854.26
      303.000        2968.58
      304.000        3205.68
      305.000        3481.74
      306.000        3769.58
      307.000        4068.58
      308.000        4266.58
      309.000        4529.00
      310.000        4781.84
      311.000        4924.21
      312.000        5168.89
      313.000        5561.53
      314.000        5825.74
      315.000        6060.00
      316.000        6236.05
      317.000        6344.53
      318.000        6466.00
      319.000        6636.26
      320.000        6702.21
