% 1d
% 2021_03_10_050
%  119
% from stack 2021_03_10_050
      280.000        1035.80
      280.500        1062.64
      281.000        1057.48
      281.500        1037.00
      282.000        1040.76
      282.500        1046.32
      283.000        1028.20
      283.100        1029.16
      283.200        1040.84
      283.300        1026.04
      283.400        1020.68
      283.500        1008.04
      283.600        1004.48
      283.700        991.400
      283.800        986.880
      283.900        971.520
      284.000        966.280
      284.100        937.960
      284.200        910.040
      284.300        883.440
      284.400        838.920
      284.500        793.520
      284.600        779.600
      284.700        773.800
      284.800        777.240
      284.900        810.480
      285.000        842.440
      285.100        871.360
      285.200        905.800
      285.300        947.200
      285.400        961.960
      285.500        980.360
      285.600        990.840
      285.700        989.320
      285.800        1001.04
      285.900        978.760
      286.000        973.800
      286.100        963.800
      286.200        946.920
      286.300        965.480
      286.400        960.320
      286.500        964.520
      286.600        958.440
      286.700        950.080
      286.800        931.160
      286.900        919.560
      287.000        921.520
      287.100        880.600
      287.200        881.160
      287.300        884.440
      287.400        855.080
      287.500        830.200
      287.600        818.960
      287.700        790.840
      287.800        766.160
      287.900        750.760
      288.000        735.240
      288.100        730.600
      288.200        736.640
      288.300        745.880
      288.400        763.920
      288.500        780.240
      288.600        797.560
      288.700        784.920
      288.800        790.600
      288.900        788.160
      289.000        783.440
      289.250        764.400
      289.500        759.880
      289.750        731.560
      290.000        732.920
      290.250        735.320
      290.500        712.480
      290.750        731.600
      291.000        721.240
      291.250        725.880
      291.500        716.680
      291.750        714.800
      292.000        717.120
      292.250        721.800
      292.500        719.560
      292.750        725.440
      293.000        730.920
      293.250        746.760
      293.500        750.560
      293.750        755.400
      294.000        770.240
      294.500        787.800
      295.000        791.520
      295.500        804.320
      296.000        821.520
      296.500        816.880
      297.000        823.080
      297.500        858.200
      298.000        892.680
      298.500        898.440
      299.000        905.480
      299.500        898.160
      300.000        926.600
      301.000        982.680
      302.000        1022.28
      303.000        1071.16
      304.000        1127.60
      305.000        1190.36
      306.000        1253.52
      307.000        1325.80
      308.000        1388.00
      309.000        1447.44
      310.000        1511.44
      311.000        1553.04
      312.000        1612.84
      313.000        1668.44
      314.000        1720.32
      315.000        1778.68
      316.000        1831.56
      317.000        1888.72
      318.000        1956.20
      319.000        2005.08
      320.000        2069.16
