% 1d
% 2021_09_07_015_background
%  119
% from stack 2021_09_07_015_background
      280.000        5963.22
      280.500        5927.94
      281.000        5756.22
      281.500        5792.61
      282.000        5713.17
      282.500        5674.67
      283.000        5627.33
      283.100        5587.83
      283.200        5551.72
      283.300        5653.17
      283.400        5628.78
      283.500        5579.44
      283.600        5474.06
      283.700        5285.50
      283.800        5213.94
      283.900        5013.44
      284.000        4812.56
      284.100        4576.33
      284.200        4226.28
      284.300        3775.94
      284.400        3518.89
      284.500        3227.44
      284.600        3018.94
      284.700        3019.11
      284.800        3130.78
      284.900        3332.33
      285.000        3535.44
      285.100        3735.94
      285.200        3981.89
      285.300        4197.28
      285.400        4325.33
      285.500        4461.17
      285.600        4702.11
      285.700        4641.50
      285.800        4562.00
      285.900        4356.89
      286.000        4210.06
      286.100        4145.11
      286.200        4068.44
      286.300        4104.11
      286.400        4060.00
      286.500        4045.22
      286.600        4017.50
      286.700        3913.67
      286.800        3797.39
      286.900        3680.44
      287.000        3587.94
      287.100        3559.33
      287.200        3417.33
      287.300        3296.17
      287.400        3168.39
      287.500        3077.72
      287.600        2951.17
      287.700        2807.06
      287.800        2670.06
      287.900        2524.56
      288.000        2411.72
      288.100        2400.61
      288.200        2420.39
      288.300        2434.17
      288.400        2514.11
      288.500        2505.06
      288.600        2514.39
      288.700        2538.39
      288.800        2512.17
      288.900        2468.39
      289.000        2459.56
      289.250        2320.33
      289.500        2200.00
      289.750        2083.78
      290.000        2006.28
      290.250        1946.83
      290.500        1876.94
      290.750        1837.17
      291.000        1787.83
      291.250        1757.89
      291.500        1705.89
      291.750        1696.44
      292.000        1673.00
      292.250        1650.61
      292.500        1663.22
      292.750        1637.39
      293.000        1643.50
      293.250        1611.83
      293.500        1616.89
      293.750        1598.72
      294.000        1589.67
      294.500        1656.61
      295.000        1701.50
      295.500        1751.28
      296.000        1755.11
      296.500        1746.39
      297.000        1757.67
      297.500        1851.78
      298.000        1893.11
      298.500        1923.83
      299.000        1935.61
      299.500        1977.28
      300.000        2068.94
      301.000        2161.89
      302.000        2302.56
      303.000        2503.33
      304.000        2675.50
      305.000        2913.50
      306.000        3126.00
      307.000        3338.00
      308.000        3623.83
      309.000        3859.11
      310.000        4018.89
      311.000        4203.83
      312.000        4450.28
      313.000        4586.56
      314.000        4782.94
      315.000        5054.78
      316.000        5168.17
      317.000        5303.33
      318.000        5458.28
      319.000        5555.44
      320.000        5857.28
