% 1d
% 2021_06_25_038_background
%  119
% from stack 2021_06_25_038_background
      280.000        10703.7
      280.500        10657.6
      281.000        10485.6
      281.500        10408.2
      282.000        10318.5
      282.500        10329.3
      283.000        10264.0
      283.100        10208.3
      283.200        10181.7
      283.300        10170.4
      283.400        10236.5
      283.500        10137.3
      283.600        10003.3
      283.700        9849.44
      283.800        9640.61
      283.900        9349.95
      284.000        9058.42
      284.100        8640.37
      284.200        8184.68
      284.300        7513.46
      284.400        6927.56
      284.500        6468.63
      284.600        6184.24
      284.700        6206.17
      284.800        6402.59
      284.900        6729.17
      285.000        7146.05
      285.100        7634.39
      285.200        8094.07
      285.300        8522.46
      285.400        8846.85
      285.500        9011.76
      285.600        9104.73
      285.700        9174.90
      285.800        9014.02
      285.900        8755.68
      286.000        8483.88
      286.100        8272.20
      286.200        8163.49
      286.300        8129.10
      286.400        8081.68
      286.500        7995.88
      286.600        7871.90
      286.700        7687.22
      286.800        7495.93
      286.900        7290.56
      287.000        7086.02
      287.100        6878.59
      287.200        6721.24
      287.300        6491.22
      287.400        6325.90
      287.500        6133.46
      287.600        5898.90
      287.700        5672.34
      287.800        5458.37
      287.900        5289.24
      288.000        5133.46
      288.100        5132.39
      288.200        5187.88
      288.300        5265.00
      288.400        5345.83
      288.500        5350.44
      288.600        5319.15
      288.700        5304.05
      288.800        5244.56
      288.900        5191.88
      289.000        5070.78
      289.250        4881.15
      289.500        4637.12
      289.750        4332.54
      290.000        4187.44
      290.250        4120.29
      290.500        4017.49
      290.750        3921.00
      291.000        3852.20
      291.250        3844.05
      291.500        3756.56
      291.750        3733.95
      292.000        3716.49
      292.250        3722.51
      292.500        3682.59
      292.750        3722.05
      293.000        3750.95
      293.250        3762.20
      293.500        3796.71
      293.750        3842.17
      294.000        3876.44
      294.500        3918.54
      295.000        4018.61
      295.500        4025.93
      296.000        4071.17
      296.500        4045.00
      297.000        4076.12
      297.500        4313.54
      298.000        4439.56
      298.500        4529.51
      299.000        4570.93
      299.500        4576.51
      300.000        4793.73
      301.000        5093.10
      302.000        5329.98
      303.000        5643.95
      304.000        6073.71
      305.000        6540.54
      306.000        7008.10
      307.000        7553.05
      308.000        8054.73
      309.000        8435.07
      310.000        8820.05
      311.000        9154.29
      312.000        9589.58
      313.000        9978.66
      314.000        10328.1
      315.000        10647.5
      316.000        11030.0
      317.000        11385.2
      318.000        11594.7
      319.000        12081.0
      320.000        12356.6
