% 1d
% 2021_06_24_038
%  119
% from stack 2021_06_24_038
      280.000        3783.35
      280.500        3719.70
      281.000        3638.04
      281.500        3624.61
      282.000        3548.17
      282.500        3532.50
      283.000        3502.07
      283.100        3524.11
      283.200        3516.78
      283.300        3500.74
      283.400        3475.70
      283.500        3441.87
      283.600        3406.54
      283.700        3387.98
      283.800        3315.91
      283.900        3196.65
      284.000        3033.76
      284.100        2907.57
      284.200        2725.15
      284.300        2541.28
      284.400        2395.91
      284.500        2233.80
      284.600        2153.59
      284.700        2131.00
      284.800        2243.46
      284.900        2350.80
      285.000        2501.30
      285.100        2635.59
      285.200        2795.24
      285.300        2940.28
      285.400        3041.26
      285.500        3060.87
      285.600        3107.91
      285.700        3100.07
      285.800        3061.00
      285.900        3008.41
      286.000        2924.52
      286.100        2881.63
      286.200        2865.65
      286.300        2842.65
      286.400        2835.11
      286.500        2811.24
      286.600        2836.61
      286.700        2825.15
      286.800        2746.09
      286.900        2700.87
      287.000        2627.76
      287.100        2569.39
      287.200        2502.96
      287.300        2441.93
      287.400        2356.67
      287.500        2273.22
      287.600        2195.00
      287.700        2098.52
      287.800        2038.37
      287.900        1959.20
      288.000        1901.24
      288.100        1881.41
      288.200        1899.80
      288.300        1937.61
      288.400        1951.43
      288.500        2007.37
      288.600        2010.39
      288.700        2003.43
      288.800        2008.96
      288.900        1967.17
      289.000        1942.13
      289.250        1858.02
      289.500        1800.98
      289.750        1732.07
      290.000        1694.04
      290.250        1677.98
      290.500        1639.26
      290.750        1601.54
      291.000        1578.65
      291.250        1563.26
      291.500        1540.09
      291.750        1531.04
      292.000        1525.43
      292.250        1525.22
      292.500        1520.46
      292.750        1533.39
      293.000        1543.65
      293.250        1559.54
      293.500        1580.74
      293.750        1587.80
      294.000        1599.20
      294.500        1635.57
      295.000        1659.63
      295.500        1677.76
      296.000        1677.22
      296.500        1679.41
      297.000        1713.43
      297.500        1793.48
      298.000        1836.48
      298.500        1859.65
      299.000        1869.48
      299.500        1878.83
      300.000        1962.22
      301.000        2074.54
      302.000        2173.24
      303.000        2305.41
      304.000        2461.00
      305.000        2602.78
      306.000        2781.41
      307.000        2926.74
      308.000        3102.35
      309.000        3283.89
      310.000        3419.15
      311.000        3603.74
      312.000        3731.26
      313.000        3891.07
      314.000        4020.70
      315.000        4140.78
      316.000        4249.70
      317.000        4409.54
      318.000        4557.13
      319.000        4600.48
      320.000        4688.17
