% 1d
% 2021_10_25_005_background
%  119
% from stack 2021_10_25_005_background
      280.000        15214.1
      280.500        15228.2
      281.000        15263.7
      281.500        15162.1
      282.000        14991.1
      282.500        14867.7
      283.000        14739.7
      283.100        14794.7
      283.200        14822.4
      283.300        14925.7
      283.400        14682.7
      283.500        14715.6
      283.600        14619.4
      283.700        14402.5
      283.800        14084.8
      283.900        13799.3
      284.000        13500.1
      284.100        12936.0
      284.200        12421.7
      284.300        11747.7
      284.400        11003.8
      284.500        10642.4
      284.600        10645.1
      284.700        10920.6
      284.800        11364.0
      284.900        11822.4
      285.000        12323.4
      285.100        12792.1
      285.200        13288.3
      285.300        13748.8
      285.400        13902.6
      285.500        14147.1
      285.600        14139.6
      285.700        13938.7
      285.800        13677.3
      285.900        13465.8
      286.000        13204.9
      286.100        13115.8
      286.200        13101.8
      286.300        13245.2
      286.400        13241.6
      286.500        13071.2
      286.600        12852.5
      286.700        12608.2
      286.800        12270.3
      286.900        12060.7
      287.000        11837.6
      287.100        11617.8
      287.200        11351.7
      287.300        11100.7
      287.400        10756.6
      287.500        10466.2
      287.600        10042.2
      287.700        9657.67
      287.800        9353.44
      287.900        9024.56
      288.000        9119.00
      288.100        9155.61
      288.200        9380.33
      288.300        9566.78
      288.400        9629.67
      288.500        9685.78
      288.600        9739.44
      288.700        9645.78
      288.800        9576.33
      288.900        9510.72
      289.000        9285.11
      289.250        9107.72
      289.500        8746.06
      289.750        8501.17
      290.000        8444.56
      290.250        8256.39
      290.500        8300.89
      290.750        8055.06
      291.000        7972.33
      291.250        7775.56
      291.500        7705.72
      291.750        7690.83
      292.000        7649.28
      292.250        7676.72
      292.500        7631.11
      292.750        7641.67
      293.000        7610.78
      293.250        7637.06
      293.500        7771.83
      293.750        7758.44
      294.000        7853.00
      294.500        8034.00
      295.000        7994.00
      295.500        8008.39
      296.000        8140.83
      296.500        7954.33
      297.000        8349.50
      297.500        8631.89
      298.000        8698.67
      298.500        8782.67
      299.000        8716.39
      299.500        8796.39
      300.000        9276.83
      301.000        9677.11
      302.000        10167.2
      303.000        10701.8
      304.000        11258.4
      305.000        11964.8
      306.000        12810.2
      307.000        13397.0
      308.000        14213.2
      309.000        14860.8
      310.000        15341.2
      311.000        15948.8
      312.000        16650.9
      313.000        17068.9
      314.000        17451.2
      315.000        17961.2
      316.000        18383.3
      317.000        19089.2
      318.000        19706.0
      319.000        19919.3
      320.000        20457.3
