% 1d
% 2021_10_25_046_background
%  119
% from stack 2021_10_25_046_background
      280.000        2461.75
      280.500        2312.92
      281.000        2422.83
      281.500        2583.08
      282.000        2612.67
      282.500        2797.00
      283.000        2812.75
      283.100        2699.25
      283.200        2619.17
      283.300        2711.50
      283.400        2628.17
      283.500        2636.83
      283.600        2709.58
      283.700        2807.58
      283.800        2763.92
      283.900        2512.33
      284.000        2288.67
      284.100        2143.58
      284.200        2146.08
      284.300        2075.83
      284.400        2113.08
      284.500        2111.67
      284.600        2048.25
      284.700        1965.08
      284.800        2040.25
      284.900        2282.25
      285.000        2378.75
      285.100        2470.33
      285.200        2645.50
      285.300        2610.17
      285.400        2627.08
      285.500        2572.58
      285.600        2578.67
      285.700        2547.67
      285.800        2499.08
      285.900        2466.17
      286.000        2499.25
      286.100        2516.75
      286.200        2484.58
      286.300        2514.08
      286.400        2384.92
      286.500        2367.92
      286.600        2497.67
      286.700        2568.42
      286.800        2531.92
      286.900        2481.42
      287.000        2450.92
      287.100        2426.50
      287.200        2244.50
      287.300        2111.00
      287.400        2158.67
      287.500        2194.50
      287.600        2180.83
      287.700        2019.58
      287.800        1962.58
      287.900        1897.75
      288.000        1955.42
      288.100        1873.83
      288.200        2030.92
      288.300        2136.58
      288.400        2273.00
      288.500        2179.00
      288.600        2092.00
      288.700        2075.25
      288.800        2170.00
      288.900        2177.75
      289.000        2314.83
      289.250        2309.83
      289.500        2221.50
      289.750        2210.00
      290.000        2233.00
      290.250        2229.42
      290.500        2209.00
      290.750        2200.08
      291.000        2169.08
      291.250        2126.67
      291.500        2105.83
      291.750        2078.08
      292.000        2109.92
      292.250        2100.17
      292.500        2074.00
      292.750        2094.50
      293.000        2144.17
      293.250        2115.75
      293.500        2151.67
      293.750        2103.92
      294.000        2095.75
      294.500        2137.50
      295.000        2187.17
      295.500        2201.00
      296.000        2139.83
      296.500        2163.33
      297.000        2230.83
      297.500        2246.25
      298.000        2335.08
      298.500        2283.17
      299.000        2384.25
      299.500        2489.83
      300.000        2566.83
      301.000        2690.33
      302.000        2737.92
      303.000        2811.83
      304.000        2963.25
      305.000        3213.42
      306.000        3371.42
      307.000        3571.50
      308.000        3586.83
      309.000        3770.17
      310.000        4021.42
      311.000        4081.92
      312.000        4189.50
      313.000        4392.67
      314.000        4556.58
      315.000        4698.08
      316.000        4685.50
      317.000        4804.00
      318.000        4978.50
      319.000        4960.25
      320.000        5115.00
