% 1d
% 2021_06_25_039_background
%  119
% from stack 2021_06_25_039_background
      280.000        11189.1
      280.500        11119.3
      281.000        10781.3
      281.500        10775.4
      282.000        10654.3
      282.500        10530.0
      283.000        10482.6
      283.100        10404.4
      283.200        10482.4
      283.300        10406.0
      283.400        10398.8
      283.500        10260.9
      283.600        10151.1
      283.700        9949.74
      283.800        9807.59
      283.900        9527.88
      284.000        9131.56
      284.100        8775.91
      284.200        8228.91
      284.300        7563.65
      284.400        6970.03
      284.500        6495.29
      284.600        6235.50
      284.700        6299.82
      284.800        6479.88
      284.900        6817.76
      285.000        7252.38
      285.100        7677.21
      285.200        8172.06
      285.300        8609.71
      285.400        8890.97
      285.500        9087.62
      285.600        9111.74
      285.700        9114.97
      285.800        8955.59
      285.900        8674.35
      286.000        8404.24
      286.100        8222.26
      286.200        8154.15
      286.300        8125.82
      286.400        8031.32
      286.500        7957.21
      286.600        7767.26
      286.700        7615.00
      286.800        7459.59
      286.900        7245.15
      287.000        7039.38
      287.100        6806.24
      287.200        6664.00
      287.300        6479.35
      287.400        6264.06
      287.500        6068.85
      287.600        5802.91
      287.700        5680.68
      287.800        5476.59
      287.900        5228.29
      288.000        5172.50
      288.100        5114.91
      288.200        5185.26
      288.300        5285.68
      288.400        5349.76
      288.500        5396.03
      288.600        5336.32
      288.700        5326.94
      288.800        5274.82
      288.900        5132.91
      289.000        5042.26
      289.250        4845.85
      289.500        4641.79
      289.750        4313.68
      290.000        4211.82
      290.250        4128.62
      290.500        4032.12
      290.750        3931.15
      291.000        3837.47
      291.250        3731.12
      291.500        3752.41
      291.750        3687.32
      292.000        3732.15
      292.250        3669.09
      292.500        3663.35
      292.750        3739.62
      293.000        3739.26
      293.250        3742.24
      293.500        3792.94
      293.750        3794.82
      294.000        3890.41
      294.500        3933.26
      295.000        3973.03
      295.500        3993.76
      296.000        3990.09
      296.500        3986.59
      297.000        4115.88
      297.500        4316.50
      298.000        4490.21
      298.500        4570.85
      299.000        4550.03
      299.500        4524.91
      300.000        4753.44
      301.000        5072.97
      302.000        5335.85
      303.000        5737.21
      304.000        6117.50
      305.000        6490.00
      306.000        7009.03
      307.000        7543.47
      308.000        7987.62
      309.000        8423.65
      310.000        8817.47
      311.000        9259.59
      312.000        9643.68
      313.000        9824.97
      314.000        9987.47
      315.000        10325.1
      316.000        10598.8
      317.000        11121.6
      318.000        11565.2
      319.000        11957.0
      320.000        12228.6
