% 1d
% 2021-10-24_090_background
%  119
% from stack 2021-10-24_090_background
      280.000        14797.1
      280.500        14685.3
      281.000        13760.6
      281.500        14014.0
      282.000        14162.0
      282.500        14192.6
      283.000        14475.9
      283.100        14737.9
      283.200        14951.3
      283.300        15093.0
      283.400        14947.0
      283.500        14368.5
      283.600        14182.3
      283.700        14018.7
      283.800        13816.9
      283.900        13530.5
      284.000        13236.4
      284.100        12573.7
      284.200        11879.2
      284.300        11211.0
      284.400        10566.3
      284.500        10664.0
      284.600        10544.1
      284.700        10939.7
      284.800        11327.6
      284.900        11639.2
      285.000        11811.8
      285.100        11769.0
      285.200        12836.0
      285.300        13186.0
      285.400        13385.9
      285.500        13523.7
      285.600        13141.5
      285.700        12793.0
      285.800        12575.1
      285.900        12376.4
      286.000        12522.4
      286.100        12780.3
      286.200        12839.4
      286.300        12370.2
      286.400        12516.3
      286.500        12045.0
      286.600        11825.4
      286.700        11947.3
      286.800        12021.4
      286.900        12095.3
      287.000        11868.5
      287.100        11246.7
      287.200        11003.7
      287.300        10260.1
      287.400        9583.88
      287.500        10031.2
      287.600        9491.24
      287.700        9361.61
      287.800        8928.18
      287.900        8517.03
      288.000        8667.03
      288.100        8761.45
      288.200        8651.38
      288.300        9299.76
      288.400        9344.79
      288.500        9269.98
      288.600        9749.98
      288.700        9371.88
      288.800        9448.58
      288.900        9505.50
      289.000        9004.71
      289.250        9147.92
      289.500        8569.80
      289.750        8517.14
      290.000        8415.55
      290.250        7884.55
      290.500        8307.52
      290.750        7686.32
      291.000        7967.62
      291.250        7730.09
      291.500        7689.53
      291.750        7971.68
      292.000        7259.17
      292.250        7652.02
      292.500        7283.58
      292.750        7626.14
      293.000        7764.59
      293.250        7368.12
      293.500        7882.61
      293.750        7329.17
      294.000        7783.64
      294.500        7815.85
      295.000        7622.67
      295.500        7587.68
      296.000        7604.53
      296.500        8094.23
      297.000        8483.59
      297.500        8615.30
      298.000        8238.05
      298.500        8086.02
      299.000        8043.42
      299.500        8688.68
      300.000        9431.44
      301.000        9032.24
      302.000        9532.91
      303.000        10141.7
      304.000        9952.08
      305.000        10299.6
      306.000        11452.8
      307.000        11944.2
      308.000        12608.0
      309.000        13244.9
      310.000        13117.4
      311.000        13481.8
      312.000        13887.8
      313.000        13845.2
      314.000        14922.4
      315.000        16958.1
      316.000        17507.5
      317.000        17208.0
      318.000        17363.7
      319.000        17970.2
      320.000        18288.4
