% 1d
% 2021_09_06_046_background
%  119
% from stack 2021_09_06_046_background
      280.000        5670.25
      280.500        5530.75
      281.000        5538.25
      281.500        5461.75
      282.000        5552.75
      282.500        5561.00
      283.000        5452.75
      283.100        5517.75
      283.200        5426.00
      283.300        5320.50
      283.400        5288.00
      283.500        5279.25
      283.600        5180.50
      283.700        5049.75
      283.800        4836.50
      283.900        4603.25
      284.000        4131.50
      284.100        3925.75
      284.200        3555.50
      284.300        3191.25
      284.400        2946.50
      284.500        2820.75
      284.600        2722.00
      284.700        2779.25
      284.800        2890.50
      284.900        3121.25
      285.000        3373.00
      285.100        3672.00
      285.200        3904.75
      285.300        4007.50
      285.400        4255.75
      285.500        4364.25
      285.600        4313.00
      285.700        4256.50
      285.800        4123.75
      285.900        3965.25
      286.000        3795.25
      286.100        3686.50
      286.200        3487.00
      286.300        3558.25
      286.400        3545.25
      286.500        3490.25
      286.600        3484.25
      286.700        3350.75
      286.800        3205.50
      286.900        3041.50
      287.000        2901.00
      287.100        2866.25
      287.200        2763.50
      287.300        2701.00
      287.400        2529.00
      287.500        2405.75
      287.600        2239.50
      287.700        2046.75
      287.800        1965.00
      287.900        1815.50
      288.000        1796.50
      288.100        1776.75
      288.200        1838.50
      288.300        1826.25
      288.400        1844.75
      288.500        1834.50
      288.600        1863.50
      288.700        1825.25
      288.800        1792.25
      288.900        1785.25
      289.000        1706.25
      289.250        1565.25
      289.500        1448.75
      289.750        1402.00
      290.000        1358.00
      290.250        1285.25
      290.500        1223.00
      290.750        1191.50
      291.000        1090.75
      291.250        1112.50
      291.500        1078.75
      291.750        1123.25
      292.000        1046.00
      292.250        1056.50
      292.500        1040.50
      292.750        1008.25
      293.000        1074.25
      293.250        1094.50
      293.500        1066.50
      293.750        1103.00
      294.000        1088.25
      294.500        1128.75
      295.000        1104.75
      295.500        1131.50
      296.000        1120.50
      296.500        1122.25
      297.000        1146.75
      297.500        1295.75
      298.000        1319.75
      298.500        1339.00
      299.000        1348.75
      299.500        1299.75
      300.000        1447.00
      301.000        1583.50
      302.000        1722.00
      303.000        1951.75
      304.000        2151.75
      305.000        2358.00
      306.000        2567.00
      307.000        2665.00
      308.000        3043.25
      309.000        3029.75
      310.000        3223.50
      311.000        3343.75
      312.000        3718.00
      313.000        3919.75
      314.000        4117.00
      315.000        4215.25
      316.000        4384.00
      317.000        4504.75
      318.000        4695.75
      319.000        4784.25
      320.000        4839.50
