% 1d
% 2021_10_25_041_background
%  119
% from stack 2021_10_25_041_background
      280.000        2726.00
      280.500        2855.25
      281.000        2934.25
      281.500        2930.50
      282.000        2957.88
      282.500        2930.19
      283.000        2909.81
      283.100        2833.63
      283.200        2779.44
      283.300        2707.63
      283.400        2920.56
      283.500        2846.56
      283.600        2780.69
      283.700        2736.81
      283.800        2573.88
      283.900        2574.19
      284.000        2542.56
      284.100        2512.44
      284.200        2311.56
      284.300        2311.63
      284.400        2190.44
      284.500        2119.19
      284.600        2173.75
      284.700        2151.13
      284.800        2185.06
      284.900        2340.38
      285.000        2508.00
      285.100        2668.50
      285.200        2720.38
      285.300        2675.81
      285.400        2781.38
      285.500        2802.38
      285.600        2812.81
      285.700        2796.06
      285.800        2801.63
      285.900        2787.50
      286.000        2751.38
      286.100        2729.50
      286.200        2836.75
      286.300        2825.25
      286.400        2796.56
      286.500        2790.38
      286.600        2774.31
      286.700        2771.38
      286.800        2764.88
      286.900        2728.94
      287.000        2706.88
      287.100        2690.81
      287.200        2666.19
      287.300        2621.50
      287.400        2540.00
      287.500        2397.50
      287.600        2285.63
      287.700        2248.69
      287.800        2167.06
      287.900        2175.44
      288.000        2151.56
      288.100        2198.69
      288.200        2279.25
      288.300        2281.94
      288.400        2272.81
      288.500        2252.56
      288.600        2272.31
      288.700        2240.50
      288.800        2271.38
      288.900        2274.00
      289.000        2280.31
      289.250        2251.63
      289.500        2165.63
      289.750        2128.69
      290.000        2106.63
      290.250        2129.63
      290.500        2086.88
      290.750        2041.75
      291.000        2023.38
      291.250        2013.25
      291.500        2023.75
      291.750        1984.13
      292.000        1988.75
      292.250        2032.69
      292.500        1999.88
      292.750        2035.44
      293.000        2013.63
      293.250        2070.50
      293.500        2077.75
      293.750        2072.81
      294.000        2113.06
      294.500        2172.63
      295.000        2197.75
      295.500        2172.44
      296.000        2168.63
      296.500        2157.44
      297.000        2221.44
      297.500        2309.63
      298.000        2365.00
      298.500        2319.88
      299.000        2309.81
      299.500        2318.13
      300.000        2434.19
      301.000        2443.44
      302.000        2505.31
      303.000        2725.38
      304.000        2940.44
      305.000        3127.38
      306.000        3179.88
      307.000        3386.63
      308.000        3598.31
      309.000        3768.69
      310.000        3937.56
      311.000        3993.69
      312.000        4161.19
      313.000        4390.25
      314.000        4436.81
      315.000        4717.00
      316.000        4801.19
      317.000        4813.88
      318.000        5105.19
      319.000        5345.19
      320.000        5534.00
