% 1d
% 2021_09_05_211_background
%  119
% from stack 2021_09_05_211_background
      280.000        6118.56
      280.500        6029.50
      281.000        5953.94
      281.500        5866.28
      282.000        5851.50
      282.500        5744.17
      283.000        5747.06
      283.100        5730.56
      283.200        5704.33
      283.300        5518.06
      283.400        5556.78
      283.500        5497.28
      283.600        5349.72
      283.700        5261.11
      283.800        4977.89
      283.900        4759.11
      284.000        4452.61
      284.100        4169.28
      284.200        3925.00
      284.300        3641.67
      284.400        3320.56
      284.500        3179.50
      284.600        3177.61
      284.700        3269.56
      284.800        3357.06
      284.900        3615.89
      285.000        3834.22
      285.100        4017.67
      285.200        4152.39
      285.300        4418.44
      285.400        4503.83
      285.500        4368.94
      285.600        4570.72
      285.700        4371.67
      285.800        4235.83
      285.900        4010.17
      286.000        4019.67
      286.100        3907.78
      286.200        3928.33
      286.300        4005.50
      286.400        3950.11
      286.500        3896.28
      286.600        3957.28
      286.700        3791.83
      286.800        3665.94
      286.900        3582.56
      287.000        3473.06
      287.100        3215.17
      287.200        3279.39
      287.300        3152.22
      287.400        3142.44
      287.500        3000.00
      287.600        2858.06
      287.700        2660.28
      287.800        2583.11
      287.900        2387.44
      288.000        2291.28
      288.100        2253.11
      288.200        2342.39
      288.300        2426.06
      288.400        2450.94
      288.500        2545.94
      288.600        2572.94
      288.700        2497.67
      288.800        2427.78
      288.900        2345.67
      289.000        2258.00
      289.250        2209.67
      289.500        2265.33
      289.750        2115.39
      290.000        2184.56
      290.250        2124.61
      290.500        1974.50
      290.750        1886.72
      291.000        1802.33
      291.250        1800.06
      291.500        1723.17
      291.750        1715.83
      292.000        1596.22
      292.250        1594.06
      292.500        1617.39
      292.750        1696.67
      293.000        1610.72
      293.250        1676.83
      293.500        1749.94
      293.750        1844.11
      294.000        1878.06
      294.500        1881.56
      295.000        1968.39
      295.500        1984.94
      296.000        1920.50
      296.500        1937.67
      297.000        2019.28
      297.500        2146.78
      298.000        2139.22
      298.500        1943.72
      299.000        1835.28
      299.500        1732.89
      300.000        1776.39
      301.000        1932.11
      302.000        2052.56
      303.000        2146.89
      304.000        2449.11
      305.000        2550.33
      306.000        2645.28
      307.000        2984.33
      308.000        3186.67
      309.000        3434.89
      310.000        3633.39
      311.000        3830.28
      312.000        4049.50
      313.000        4326.06
      314.000        4415.39
      315.000        4442.22
      316.000        4699.72
      317.000        4976.50
      318.000        5380.67
      319.000        5495.72
      320.000        5677.22
