% 1d
% 2021_10_25_044_background
%  119
% from stack 2021_10_25_044_background
      280.000        2782.08
      280.500        2813.17
      281.000        2821.25
      281.500        2734.25
      282.000        2717.08
      282.500        2630.33
      283.000        2630.00
      283.100        2783.92
      283.200        2809.17
      283.300        2695.58
      283.400        2622.25
      283.500        2683.67
      283.600        2590.58
      283.700        2465.75
      283.800        2481.67
      283.900        2469.83
      284.000        2394.75
      284.100        2294.92
      284.200        2145.00
      284.300        2030.08
      284.400        1934.08
      284.500        1918.58
      284.600        1930.33
      284.700        2032.50
      284.800        2059.50
      284.900        2143.42
      285.000        2162.92
      285.100        2220.08
      285.200        2306.75
      285.300        2344.75
      285.400        2411.25
      285.500        2467.00
      285.600        2393.25
      285.700        2284.17
      285.800        2188.33
      285.900        2135.83
      286.000        2102.17
      286.100        2097.92
      286.200        2068.33
      286.300        2212.17
      286.400        2266.83
      286.500        2205.58
      286.600        2118.58
      286.700        2060.08
      286.800        2040.17
      286.900        2058.00
      287.000        2114.17
      287.100        2085.67
      287.200        1896.25
      287.300        1816.58
      287.400        1749.17
      287.500        1782.08
      287.600        1733.83
      287.700        1716.58
      287.800        1676.33
      287.900        1713.50
      288.000        1715.33
      288.100        1729.58
      288.200        1711.83
      288.300        1766.00
      288.400        1785.75
      288.500        1847.08
      288.600        1808.33
      288.700        1808.75
      288.800        1730.17
      288.900        1780.17
      289.000        1802.83
      289.250        1739.33
      289.500        1729.67
      289.750        1752.42
      290.000        1712.42
      290.250        1632.33
      290.500        1622.50
      290.750        1572.42
      291.000        1603.25
      291.250        1588.75
      291.500        1545.67
      291.750        1545.58
      292.000        1554.92
      292.250        1560.33
      292.500        1569.67
      292.750        1525.25
      293.000        1587.08
      293.250        1570.50
      293.500        1619.25
      293.750        1529.58
      294.000        1530.75
      294.500        1545.92
      295.000        1603.75
      295.500        1564.92
      296.000        1623.00
      296.500        1631.75
      297.000        1710.08
      297.500        1805.67
      298.000        1832.83
      298.500        1706.58
      299.000        1640.58
      299.500        1611.25
      300.000        1686.00
      301.000        1826.75
      302.000        1855.50
      303.000        1868.33
      304.000        1993.75
      305.000        2130.33
      306.000        2374.75
      307.000        2397.17
      308.000        2579.17
      309.000        2839.42
      310.000        2962.42
      311.000        2922.50
      312.000        3064.83
      313.000        3276.67
      314.000        3420.75
      315.000        3517.08
      316.000        3802.08
      317.000        4094.25
      318.000        4055.50
      319.000        4173.75
      320.000        4147.42
