% 1d
% 2021_09_07_096_background
%  119
% from stack 2021_09_07_096_background
      280.000        4514.58
      280.500        4525.33
      281.000        4368.25
      281.500        4329.50
      282.000        4258.67
      282.500        4134.83
      283.000        4037.08
      283.100        4086.58
      283.200        4107.58
      283.300        4101.17
      283.400        4058.17
      283.500        4009.83
      283.600        3820.50
      283.700        3691.83
      283.800        3540.42
      283.900        3219.50
      284.000        3048.75
      284.100        2765.67
      284.200        2628.92
      284.300        2286.25
      284.400        2069.83
      284.500        1879.00
      284.600        1720.42
      284.700        1646.33
      284.800        1725.17
      284.900        1840.67
      285.000        1969.17
      285.100        2176.50
      285.200        2417.42
      285.300        2558.42
      285.400        2695.25
      285.500        2819.42
      285.600        2832.58
      285.700        2719.83
      285.800        2748.33
      285.900        2641.75
      286.000        2648.08
      286.100        2434.67
      286.200        2358.33
      286.300        2333.17
      286.400        2375.42
      286.500        2499.50
      286.600        2413.42
      286.700        2530.08
      286.800        2406.58
      286.900        2249.83
      287.000        2112.67
      287.100        2029.92
      287.200        2011.58
      287.300        1930.08
      287.400        1795.08
      287.500        1673.33
      287.600        1546.00
      287.700        1397.33
      287.800        1283.42
      287.900        1198.17
      288.000        1131.25
      288.100        1075.67
      288.200        1037.25
      288.300        1108.17
      288.400        1125.58
      288.500        1169.83
      288.600        1170.75
      288.700        1161.50
      288.800        1179.08
      288.900        1172.92
      289.000        1180.75
      289.250        1057.75
      289.500        1055.83
      289.750        954.500
      290.000        822.000
      290.250        925.083
      290.500        892.167
      290.750        879.583
      291.000        865.167
      291.250        863.250
      291.500        828.583
      291.750        816.417
      292.000        775.750
      292.250        753.917
      292.500        796.833
      292.750        786.083
      293.000        820.167
      293.250        839.000
      293.500        875.833
      293.750        886.083
      294.000        861.000
      294.500        891.833
      295.000        917.667
      295.500        935.917
      296.000        933.167
      296.500        991.833
      297.000        936.083
      297.500        1037.33
      298.000        1070.00
      298.500        1119.08
      299.000        1123.33
      299.500        1137.08
      300.000        1252.58
      301.000        1344.50
      302.000        1411.17
      303.000        1528.67
      304.000        1700.42
      305.000        1890.33
      306.000        2132.83
      307.000        2299.42
      308.000        2417.00
      309.000        2631.08
      310.000        2769.67
      311.000        3042.33
      312.000        3296.75
      313.000        3473.25
      314.000        3567.92
      315.000        3687.58
      316.000        3927.92
      317.000        4005.33
      318.000        4522.67
      319.000        4576.92
      320.000        4692.08
