% 1d
% 2021_09_06_123_background
%  119
% from stack 2021_09_06_123_background
      280.000        6124.67
      280.500        6162.67
      281.000        6007.33
      281.500        5860.00
      282.000        5830.33
      282.500        5755.56
      283.000        5848.33
      283.100        5815.78
      283.200        5840.89
      283.300        5847.56
      283.400        5741.89
      283.500        5602.78
      283.600        5543.44
      283.700        5412.56
      283.800        5299.89
      283.900        5106.11
      284.000        4752.67
      284.100        4582.89
      284.200        4216.44
      284.300        3930.56
      284.400        3541.67
      284.500        3236.89
      284.600        3122.67
      284.700        3099.67
      284.800        3177.78
      284.900        3416.11
      285.000        3562.33
      285.100        3740.44
      285.200        4063.22
      285.300        4318.56
      285.400        4494.11
      285.500        4543.33
      285.600        4732.78
      285.700        4568.22
      285.800        4573.78
      285.900        4316.44
      286.000        4217.89
      286.100        4181.33
      286.200        4148.00
      286.300        4106.78
      286.400        4127.00
      286.500        4135.56
      286.600        4032.89
      286.700        3939.56
      286.800        3819.33
      286.900        3792.78
      287.000        3665.89
      287.100        3563.78
      287.200        3540.56
      287.300        3427.22
      287.400        3279.33
      287.500        3137.22
      287.600        3042.33
      287.700        2864.67
      287.800        2723.22
      287.900        2557.11
      288.000        2460.33
      288.100        2415.78
      288.200        2449.11
      288.300        2453.89
      288.400        2541.22
      288.500        2553.67
      288.600        2555.00
      288.700        2570.33
      288.800        2580.22
      288.900        2501.89
      289.000        2400.00
      289.250        2332.22
      289.500        2220.89
      289.750        2091.89
      290.000        2036.78
      290.250        1981.56
      290.500        1929.22
      290.750        1824.00
      291.000        1752.89
      291.250        1672.44
      291.500        1683.22
      291.750        1666.67
      292.000        1640.67
      292.250        1684.67
      292.500        1656.67
      292.750        1617.78
      293.000        1636.22
      293.250        1621.44
      293.500        1658.89
      293.750        1685.78
      294.000        1720.56
      294.500        1752.89
      295.000        1753.78
      295.500        1783.89
      296.000        1782.67
      296.500        1762.22
      297.000        1805.89
      297.500        1877.89
      298.000        1924.67
      298.500        2010.78
      299.000        2009.44
      299.500        2021.67
      300.000        2101.89
      301.000        2264.89
      302.000        2375.00
      303.000        2522.00
      304.000        2751.11
      305.000        3027.67
      306.000        3244.33
      307.000        3432.00
      308.000        3716.44
      309.000        4002.78
      310.000        4224.89
      311.000        4518.22
      312.000        4626.67
      313.000        4902.33
      314.000        5009.67
      315.000        5321.00
      316.000        5465.11
      317.000        5616.44
      318.000        5721.67
      319.000        5745.67
      320.000        6141.56
