% 1d
% 2021_09_05_191_background
%  119
% from stack 2021_09_05_191_background
      280.000        6227.21
      280.500        6164.21
      281.000        6123.71
      281.500        6047.14
      282.000        5958.86
      282.500        5879.00
      283.000        5755.36
      283.100        5729.07
      283.200        5668.57
      283.300        5714.36
      283.400        5725.93
      283.500        5662.36
      283.600        5526.14
      283.700        5355.36
      283.800        5151.14
      283.900        4975.79
      284.000        4659.50
      284.100        4382.43
      284.200        4077.29
      284.300        3746.57
      284.400        3360.93
      284.500        3158.57
      284.600        3077.36
      284.700        3181.29
      284.800        3335.71
      284.900        3549.86
      285.000        3792.29
      285.100        4135.93
      285.200        4445.00
      285.300        4628.71
      285.400        4773.64
      285.500        4862.43
      285.600        4786.93
      285.700        4636.29
      285.800        4467.50
      285.900        4256.00
      286.000        4105.57
      286.100        3993.71
      286.200        3961.93
      286.300        3973.00
      286.400        3999.00
      286.500        3816.00
      286.600        3732.00
      286.700        3598.21
      286.800        3466.79
      286.900        3358.36
      287.000        3191.86
      287.100        3073.43
      287.200        3010.00
      287.300        2912.57
      287.400        2806.21
      287.500        2670.29
      287.600        2535.07
      287.700        2375.79
      287.800        2191.79
      287.900        2016.21
      288.000        1940.71
      288.100        1917.50
      288.200        1967.57
      288.300        2007.29
      288.400        2052.57
      288.500        2120.86
      288.600        2060.86
      288.700        2011.57
      288.800        1924.57
      288.900        1916.21
      289.000        1823.21
      289.250        1801.21
      289.500        1703.21
      289.750        1511.86
      290.000        1492.14
      290.250        1421.00
      290.500        1362.64
      290.750        1329.71
      291.000        1320.71
      291.250        1302.50
      291.500        1284.57
      291.750        1240.36
      292.000        1249.64
      292.250        1239.57
      292.500        1192.14
      292.750        1217.71
      293.000        1192.50
      293.250        1199.93
      293.500        1208.86
      293.750        1193.07
      294.000        1185.43
      294.500        1230.43
      295.000        1235.29
      295.500        1209.86
      296.000        1235.07
      296.500        1237.07
      297.000        1264.07
      297.500        1323.29
      298.000        1351.71
      298.500        1368.07
      299.000        1370.93
      299.500        1391.64
      300.000        1461.71
      301.000        1597.86
      302.000        1715.57
      303.000        1817.93
      304.000        2046.07
      305.000        2168.14
      306.000        2352.86
      307.000        2644.07
      308.000        2798.14
      309.000        3006.86
      310.000        3159.50
      311.000        3287.57
      312.000        3416.29
      313.000        3521.64
      314.000        3539.57
      315.000        3672.57
      316.000        3797.07
      317.000        3942.71
      318.000        4050.79
      319.000        4135.00
      320.000        4157.00
