% 1d
% 019
%  119
% from stack 019
      280.000        3872.81
      280.500        3829.90
      281.000        3747.21
      281.500        3705.22
      282.000        3689.86
      282.500        3662.72
      283.000        3603.49
      283.100        3599.23
      283.200        3586.09
      283.300        3557.38
      283.400        3533.44
      283.500        3517.88
      283.600        3488.70
      283.700        3424.12
      283.800        3350.38
      283.900        3269.77
      284.000        3130.17
      284.100        2998.45
      284.200        2814.69
      284.300        2639.71
      284.400        2437.95
      284.500        2293.43
      284.600        2206.20
      284.700        2228.63
      284.800        2286.05
      284.900        2390.47
      285.000        2521.35
      285.100        2653.12
      285.200        2777.49
      285.300        2917.39
      285.400        3051.53
      285.500        3130.04
      285.600        3151.60
      285.700        3149.68
      285.800        3136.30
      285.900        3050.49
      286.000        2987.99
      286.100        2937.93
      286.200        2892.57
      286.300        2911.69
      286.400        2937.66
      286.500        2879.81
      286.600        2881.23
      286.700        2840.33
      286.800        2777.64
      286.900        2678.83
      287.000        2597.38
      287.100        2539.93
      287.200        2477.81
      287.300        2386.17
      287.400        2332.50
      287.500        2259.34
      287.600        2165.67
      287.700        2097.44
      287.800        2001.72
      287.900        1929.16
      288.000        1865.51
      288.100        1877.07
      288.200        1904.39
      288.300        1926.96
      288.400        1979.88
      288.500        1984.09
      288.600        1959.07
      288.700        1943.69
      288.800        1892.41
      288.900        1880.14
      289.000        1898.20
      289.250        1842.30
      289.500        1803.57
      289.750        1736.70
      290.000        1719.34
      290.250        1698.53
      290.500        1664.15
      290.750        1653.57
      291.000        1623.26
      291.250        1631.62
      291.500        1612.30
      291.750        1593.57
      292.000        1579.19
      292.250        1570.19
      292.500        1559.12
      292.750        1592.09
      293.000        1610.02
      293.250        1640.29
      293.500        1653.11
      293.750        1667.48
      294.000        1677.56
      294.500        1693.73
      295.000        1734.60
      295.500        1760.37
      296.000        1751.53
      296.500        1770.78
      297.000        1779.72
      297.500        1892.54
      298.000        1955.78
      298.500        1954.40
      299.000        1959.91
      299.500        1958.05
      300.000        2064.31
      301.000        2177.97
      302.000        2281.62
      303.000        2412.05
      304.000        2562.63
      305.000        2730.84
      306.000        2906.53
      307.000        3073.26
      308.000        3243.09
      309.000        3432.47
      310.000        3518.91
      311.000        3699.03
      312.000        3868.01
      313.000        3979.71
      314.000        4105.55
      315.000        4240.44
      316.000        4381.12
      317.000        4503.24
      318.000        4608.26
      319.000        4739.36
      320.000        4846.65
