% 1d
% 2021_10_25_002_background
%  119
% from stack 2021_10_25_002_background
      280.000        14752.4
      280.500        14762.5
      281.000        14583.8
      281.500        14397.4
      282.000        14182.0
      282.500        14397.5
      283.000        14167.6
      283.100        14099.9
      283.200        14045.2
      283.300        14100.1
      283.400        13924.4
      283.500        13534.1
      283.600        13655.3
      283.700        13060.8
      283.800        12302.0
      283.900        12147.0
      284.000        12207.9
      284.100        12067.9
      284.200        11233.9
      284.300        10758.9
      284.400        9803.70
      284.500        9334.80
      284.600        9017.70
      284.700        9057.60
      284.800        9683.30
      284.900        10259.8
      285.000        11330.3
      285.100        11930.5
      285.200        12200.1
      285.300        12376.3
      285.400        12234.4
      285.500        12299.3
      285.600        12678.2
      285.700        12493.4
      285.800        11997.1
      285.900        11821.1
      286.000        11715.5
      286.100        11591.5
      286.200        11516.1
      286.300        11943.8
      286.400        12104.8
      286.500        11916.3
      286.600        10815.9
      286.700        10303.9
      286.800        9572.60
      286.900        8944.30
      287.000        8489.30
      287.100        8736.90
      287.200        8926.20
      287.300        8708.50
      287.400        8501.10
      287.500        8285.40
      287.600        7894.40
      287.700        7558.40
      287.800        7441.10
      287.900        7192.10
      288.000        7480.00
      288.100        7468.60
      288.200        7589.00
      288.300        7713.30
      288.400        7627.40
      288.500        7919.60
      288.600        7785.70
      288.700        7853.30
      288.800        7914.60
      288.900        7625.30
      289.000        7442.60
      289.250        7395.20
      289.500        6856.20
      289.750        7114.90
      290.000        6897.00
      290.250        6798.00
      290.500        6950.20
      290.750        6680.70
      291.000        6926.70
      291.250        6359.70
      291.500        6702.20
      291.750        6580.90
      292.000        6442.50
      292.250        6733.90
      292.500        6363.60
      292.750        6718.20
      293.000        6211.90
      293.250        6212.00
      293.500        6581.00
      293.750        6435.30
      294.000        6875.90
      294.500        6800.80
      295.000        6631.30
      295.500        6572.10
      296.000        6545.90
      296.500        6516.90
      297.000        7324.90
      297.500        7521.50
      298.000        7115.50
      298.500        7229.00
      299.000        7297.00
      299.500        7747.30
      300.000        8068.50
      301.000        7921.00
      302.000        8576.20
      303.000        9730.90
      304.000        9581.90
      305.000        10078.5
      306.000        11256.3
      307.000        11811.3
      308.000        11961.1
      309.000        13259.3
      310.000        13321.2
      311.000        13943.3
      312.000        15189.5
      313.000        15089.6
      314.000        15040.7
      315.000        16040.3
      316.000        16612.7
      317.000        16547.0
      318.000        17817.9
      319.000        18528.6
      320.000        18263.3
