% 1d
% 2021_09_05_192_background
%  119
% from stack 2021_09_05_192_background
      280.000        5994.04
      280.500        5768.82
      281.000        5922.58
      281.500        5841.50
      282.000        5657.76
      282.500        5858.14
      283.000        5811.14
      283.100        5785.26
      283.200        5667.12
      283.300        5522.92
      283.400        5276.02
      283.500        5067.68
      283.600        5011.12
      283.700        4409.76
      283.800        3749.30
      283.900        3603.62
      284.000        3355.30
      284.100        3048.64
      284.200        2893.46
      284.300        2751.88
      284.400        2776.52
      284.500        2688.92
      284.600        2614.46
      284.700        2967.06
      284.800        3205.16
      284.900        3291.72
      285.000        3526.86
      285.100        3728.40
      285.200        4039.56
      285.300        4085.04
      285.400        4401.74
      285.500        4389.50
      285.600        4399.14
      285.700        4452.44
      285.800        4299.82
      285.900        3683.54
      286.000        3475.64
      286.100        3285.94
      286.200        3084.64
      286.300        2873.00
      286.400        2638.80
      286.500        2583.42
      286.600        2185.08
      286.700        2110.38
      286.800        1826.92
      286.900        1720.86
      287.000        1841.92
      287.100        1749.72
      287.200        1890.48
      287.300        1924.46
      287.400        1948.96
      287.500        1817.88
      287.600        2016.74
      287.700        1721.72
      287.800        1562.04
      287.900        1589.56
      288.000        1608.42
      288.100        1637.24
      288.200        1662.66
      288.300        1802.44
      288.400        1694.12
      288.500        1782.44
      288.600        1971.70
      288.700        1877.60
      288.800        2094.82
      288.900        1927.36
      289.000        1754.68
      289.250        1529.22
      289.500        1385.82
      289.750        1244.14
      290.000        1144.02
      290.250        1022.08
      290.500        963.880
      290.750        787.080
      291.000        770.360
      291.250        742.440
      291.500        720.680
      291.750        560.460
      292.000        540.080
      292.250        673.940
      292.500        640.780
      292.750        774.700
      293.000        717.080
      293.250        778.280
      293.500        897.880
      293.750        912.040
      294.000        1017.62
      294.500        962.320
      295.000        1061.88
      295.500        1099.36
      296.000        1040.80
      296.500        1009.14
      297.000        1150.10
      297.500        1279.34
      298.000        1301.86
      298.500        1418.10
      299.000        1531.82
      299.500        1572.74
      300.000        1461.30
      301.000        1435.36
      302.000        1523.76
      303.000        1527.72
      304.000        1383.98
      305.000        1430.74
      306.000        1376.44
      307.000        1407.02
      308.000        1484.34
      309.000        1537.52
      310.000        1387.30
      311.000        1515.28
      312.000        1525.18
      313.000        1278.70
      314.000        1292.68
      315.000        1548.46
      316.000        1795.42
      317.000        1931.70
      318.000        1948.04
      319.000        2285.66
      320.000        2475.32
