% 1d
% 2021_10_25_039_background
%  119
% from stack 2021_10_25_039_background
      280.000        2967.08
      280.500        3027.00
      281.000        3095.85
      281.500        3125.62
      282.000        3094.31
      282.500        3034.00
      283.000        2969.62
      283.100        2983.62
      283.200        2903.08
      283.300        2942.46
      283.400        2995.31
      283.500        3026.00
      283.600        2989.15
      283.700        2822.77
      283.800        2725.08
      283.900        2629.77
      284.000        2524.62
      284.100        2363.00
      284.200        2312.92
      284.300        2238.08
      284.400        2156.77
      284.500        2092.23
      284.600        1989.92
      284.700        2073.15
      284.800        2147.77
      284.900        2255.38
      285.000        2388.00
      285.100        2483.31
      285.200        2531.85
      285.300        2600.08
      285.400        2590.15
      285.500        2568.00
      285.600        2535.38
      285.700        2515.46
      285.800        2536.46
      285.900        2429.54
      286.000        2299.15
      286.100        2239.00
      286.200        2295.00
      286.300        2303.85
      286.400        2328.85
      286.500        2395.23
      286.600        2400.54
      286.700        2367.54
      286.800        2266.08
      286.900        2200.08
      287.000        2153.31
      287.100        2166.69
      287.200        2160.77
      287.300        2157.38
      287.400        2123.23
      287.500        1979.00
      287.600        1934.77
      287.700        1837.62
      287.800        1757.23
      287.900        1702.00
      288.000        1745.77
      288.100        1795.69
      288.200        1795.38
      288.300        1757.92
      288.400        1757.15
      288.500        1823.54
      288.600        1785.38
      288.700        1780.46
      288.800        1821.77
      288.900        1902.69
      289.000        1805.15
      289.250        1753.62
      289.500        1673.15
      289.750        1688.46
      290.000        1698.69
      290.250        1717.46
      290.500        1768.85
      290.750        1671.46
      291.000        1664.85
      291.250        1629.62
      291.500        1641.00
      291.750        1661.15
      292.000        1651.92
      292.250        1722.69
      292.500        1650.23
      292.750        1699.00
      293.000        1672.85
      293.250        1680.00
      293.500        1683.23
      293.750        1679.00
      294.000        1741.15
      294.500        1804.23
      295.000        1873.08
      295.500        1818.46
      296.000        1805.92
      296.500        1793.46
      297.000        1874.85
      297.500        1978.46
      298.000        2071.69
      298.500        2083.08
      299.000        2079.62
      299.500        2070.69
      300.000        2038.92
      301.000        2201.77
      302.000        2248.08
      303.000        2391.77
      304.000        2623.31
      305.000        2832.23
      306.000        2913.15
      307.000        3076.15
      308.000        3117.31
      309.000        3353.77
      310.000        3702.15
      311.000        3930.46
      312.000        4121.38
      313.000        4181.15
      314.000        4149.31
      315.000        4355.92
      316.000        4477.23
      317.000        4707.77
      318.000        4915.77
      319.000        5198.31
      320.000        5510.62
