% 1d
% 2021_10_24_100_background
%  119
% from stack 2021_10_24_100_background
      280.000        14745.1
      280.500        14365.2
      281.000        14313.0
      281.500        14079.8
      282.000        13843.7
      282.500        14032.6
      283.000        14175.4
      283.100        14046.0
      283.200        13905.5
      283.300        13879.8
      283.400        13982.0
      283.500        13771.1
      283.600        13355.5
      283.700        13380.4
      283.800        13174.4
      283.900        12843.3
      284.000        12406.4
      284.100        11680.4
      284.200        10897.6
      284.300        10012.0
      284.400        9663.23
      284.500        9396.46
      284.600        9560.46
      284.700        10003.7
      284.800        9907.69
      284.900        10335.1
      285.000        10640.5
      285.100        11170.2
      285.200        11909.8
      285.300        12053.2
      285.400        12504.2
      285.500        12586.4
      285.600        12568.2
      285.700        12540.1
      285.800        12347.5
      285.900        12242.5
      286.000        12275.4
      286.100        12114.9
      286.200        12008.5
      286.300        11837.2
      286.400        11671.2
      286.500        11595.5
      286.600        11309.8
      286.700        11334.2
      286.800        10979.0
      286.900        10903.9
      287.000        10624.8
      287.100        10366.5
      287.200        10131.5
      287.300        9782.62
      287.400        9599.23
      287.500        9404.92
      287.600        8940.77
      287.700        8528.85
      287.800        8117.92
      287.900        7866.77
      288.000        8086.54
      288.100        8172.85
      288.200        8450.85
      288.300        8661.62
      288.400        8761.23
      288.500        8475.23
      288.600        8592.62
      288.700        8324.54
      288.800        8184.77
      288.900        7960.08
      289.000        8017.23
      289.250        7963.15
      289.500        7607.46
      289.750        7478.00
      290.000        7446.00
      290.250        7179.00
      290.500        7103.15
      290.750        6925.85
      291.000        6902.62
      291.250        6643.31
      291.500        6585.85
      291.750        6732.38
      292.000        6383.15
      292.250        6688.38
      292.500        6564.62
      292.750        6911.77
      293.000        6848.38
      293.250        6745.92
      293.500        6779.38
      293.750        6588.00
      294.000        6701.15
      294.500        6594.46
      295.000        6633.08
      295.500        6761.23
      296.000        7051.54
      296.500        6986.77
      297.000        6488.00
      297.500        6489.77
      298.000        6559.69
      298.500        6764.69
      299.000        6890.92
      299.500        7515.23
      300.000        7968.54
      301.000        7779.92
      302.000        8095.85
      303.000        8721.23
      304.000        8903.46
      305.000        9176.46
      306.000        10496.9
      307.000        10975.8
      308.000        11438.5
      309.000        12172.3
      310.000        11949.5
      311.000        11254.7
      312.000        12579.6
      313.000        12769.9
      314.000        12772.0
      315.000        14155.7
      316.000        13182.2
      317.000        13240.5
      318.000        13680.3
      319.000        14031.4
      320.000        14488.9
