% 1d
% 2021_09_06_141_background
%  119
% from stack 2021_09_06_141_background
      280.000        5887.79
      280.500        5821.07
      281.000        5860.64
      281.500        5746.79
      282.000        5646.57
      282.500        5557.00
      283.000        5446.50
      283.100        5462.50
      283.200        5515.00
      283.300        5532.93
      283.400        5598.50
      283.500        5435.71
      283.600        5378.00
      283.700        5171.07
      283.800        4971.50
      283.900        4840.29
      284.000        4625.93
      284.100        4409.86
      284.200        4145.71
      284.300        3814.07
      284.400        3535.36
      284.500        3162.36
      284.600        2980.71
      284.700        2968.21
      284.800        3072.21
      284.900        3226.71
      285.000        3481.79
      285.100        3683.64
      285.200        3884.79
      285.300        4108.64
      285.400        4237.64
      285.500        4350.50
      285.600        4481.36
      285.700        4607.64
      285.800        4522.29
      285.900        4311.64
      286.000        4164.07
      286.100        4000.14
      286.200        3802.86
      286.300        3913.43
      286.400        3935.50
      286.500        3889.71
      286.600        3840.14
      286.700        3809.43
      286.800        3665.93
      286.900        3495.43
      287.000        3467.86
      287.100        3372.00
      287.200        3294.86
      287.300        3167.93
      287.400        3069.29
      287.500        2951.79
      287.600        2845.21
      287.700        2690.00
      287.800        2541.07
      287.900        2433.71
      288.000        2325.86
      288.100        2274.64
      288.200        2290.50
      288.300        2351.50
      288.400        2371.43
      288.500        2425.50
      288.600        2455.36
      288.700        2428.29
      288.800        2346.71
      288.900        2375.93
      289.000        2285.00
      289.250        2170.29
      289.500        2047.21
      289.750        1920.43
      290.000        1836.93
      290.250        1811.86
      290.500        1763.50
      290.750        1700.29
      291.000        1658.86
      291.250        1600.71
      291.500        1586.29
      291.750        1546.86
      292.000        1534.14
      292.250        1505.07
      292.500        1499.14
      292.750        1504.86
      293.000        1497.79
      293.250        1498.64
      293.500        1554.64
      293.750        1539.57
      294.000        1543.36
      294.500        1604.43
      295.000        1608.43
      295.500        1648.36
      296.000        1634.50
      296.500        1619.36
      297.000        1676.36
      297.500        1742.36
      298.000        1808.71
      298.500        1810.21
      299.000        1863.29
      299.500        1863.86
      300.000        1979.14
      301.000        2041.71
      302.000        2195.71
      303.000        2391.86
      304.000        2580.57
      305.000        2824.36
      306.000        3088.36
      307.000        3300.21
      308.000        3559.29
      309.000        3747.21
      310.000        4004.43
      311.000        4150.21
      312.000        4354.86
      313.000        4550.64
      314.000        4939.57
      315.000        5035.29
      316.000        5171.36
      317.000        5270.43
      318.000        5262.07
      319.000        5607.00
      320.000        5743.36
