% 1d
% 2021_06_24_054
%  119
% from stack 2021_06_24_054
      280.000        3623.29
      280.500        3507.77
      281.000        3457.01
      281.500        3427.18
      282.000        3404.34
      282.500        3372.86
      283.000        3351.93
      283.100        3362.21
      283.200        3355.14
      283.300        3380.04
      283.400        3383.00
      283.500        3382.16
      283.600        3330.84
      283.700        3299.40
      283.800        3240.45
      283.900        3130.95
      284.000        3018.90
      284.100        2860.15
      284.200        2717.81
      284.300        2547.34
      284.400        2388.67
      284.500        2258.38
      284.600        2181.25
      284.700        2202.97
      284.800        2284.23
      284.900        2400.18
      285.000        2529.64
      285.100        2672.93
      285.200        2822.42
      285.300        2950.82
      285.400        3061.97
      285.500        3140.10
      285.600        3184.40
      285.700        3170.30
      285.800        3098.11
      285.900        3015.73
      286.000        2928.41
      286.100        2880.60
      286.200        2898.37
      286.300        2902.74
      286.400        2914.97
      286.500        2913.88
      286.600        2875.12
      286.700        2792.08
      286.800        2711.81
      286.900        2636.56
      287.000        2575.49
      287.100        2490.52
      287.200        2444.27
      287.300        2372.38
      287.400        2296.08
      287.500        2220.52
      287.600        2140.92
      287.700        2068.03
      287.800        1985.19
      287.900        1913.71
      288.000        1874.36
      288.100        1876.45
      288.200        1892.86
      288.300        1939.12
      288.400        1974.27
      288.500        1981.36
      288.600        1991.42
      288.700        1981.04
      288.800        1980.38
      288.900        1958.97
      289.000        1927.67
      289.250        1868.15
      289.500        1788.48
      289.750        1701.97
      290.000        1669.48
      290.250        1641.03
      290.500        1603.10
      290.750        1554.96
      291.000        1535.90
      291.250        1495.48
      291.500        1469.48
      291.750        1483.27
      292.000        1473.18
      292.250        1478.47
      292.500        1478.37
      292.750        1494.04
      293.000        1518.96
      293.250        1524.62
      293.500        1540.70
      293.750        1544.84
      294.000        1565.89
      294.500        1585.25
      295.000        1636.78
      295.500        1666.22
      296.000        1680.63
      296.500        1663.16
      297.000        1692.82
      297.500        1774.21
      298.000        1822.93
      298.500        1822.33
      299.000        1841.29
      299.500        1848.78
      300.000        1935.16
      301.000        2051.49
      302.000        2157.08
      303.000        2269.86
      304.000        2423.07
      305.000        2587.73
      306.000        2745.33
      307.000        2911.70
      308.000        3072.41
      309.000        3241.27
      310.000        3385.49
      311.000        3506.68
      312.000        3666.77
      313.000        3754.52
      314.000        3879.60
      315.000        3970.97
      316.000        4133.27
      317.000        4230.33
      318.000        4347.59
      319.000        4436.70
      320.000        4577.00
