% 1d
% 2021_06_25_017_backgoound
%  119
% from stack 2021_06_25_017_backgoound
      280.000        14742.0
      280.500        14565.7
      281.000        14373.2
      281.500        14262.6
      282.000        14051.3
      282.500        13983.2
      283.000        13795.8
      283.100        13833.3
      283.200        13882.7
      283.300        13800.5
      283.400        13935.2
      283.500        13799.7
      283.600        13560.1
      283.700        13335.2
      283.800        12894.5
      283.900        12457.7
      284.000        12123.8
      284.100        11745.8
      284.200        11061.8
      284.300        10253.2
      284.400        9406.23
      284.500        8803.15
      284.600        8391.00
      284.700        8240.46
      284.800        8504.38
      284.900        8913.85
      285.000        9373.31
      285.100        9882.62
      285.200        10648.1
      285.300        11144.0
      285.400        11465.2
      285.500        11761.6
      285.600        11968.8
      285.700        12057.2
      285.800        11896.8
      285.900        11432.2
      286.000        11148.6
      286.100        10960.8
      286.200        10742.0
      286.300        10640.0
      286.400        10672.2
      286.500        10701.4
      286.600        10440.2
      286.700        10109.9
      286.800        9650.15
      286.900        9321.62
      287.000        8974.46
      287.100        8732.31
      287.200        8462.23
      287.300        8228.08
      287.400        8084.85
      287.500        7794.69
      287.600        7430.00
      287.700        7130.62
      287.800        6806.54
      287.900        6654.69
      288.000        6606.69
      288.100        6515.23
      288.200        6483.77
      288.300        6521.31
      288.400        6544.62
      288.500        6592.08
      288.600        6595.69
      288.700        6728.23
      288.800        6644.69
      288.900        6542.23
      289.000        6271.23
      289.250        5962.54
      289.500        5512.31
      289.750        5127.54
      290.000        5020.08
      290.250        4977.62
      290.500        4844.62
      290.750        4716.92
      291.000        4538.69
      291.250        4400.54
      291.500        4303.85
      291.750        4295.38
      292.000        4346.15
      292.250        4373.77
      292.500        4293.85
      292.750        4275.00
      293.000        4335.46
      293.250        4422.62
      293.500        4436.85
      293.750        4548.85
      294.000        4624.46
      294.500        4666.31
      295.000        4593.69
      295.500        4698.92
      296.000        4756.23
      296.500        4750.23
      297.000        4840.77
      297.500        5052.23
      298.000        5270.69
      298.500        5322.15
      299.000        5306.38
      299.500        5326.00
      300.000        5570.54
      301.000        5962.31
      302.000        6434.31
      303.000        6885.08
      304.000        7379.69
      305.000        7873.54
      306.000        8332.69
      307.000        8962.62
      308.000        9621.54
      309.000        10255.5
      310.000        10790.2
      311.000        11112.3
      312.000        11632.2
      313.000        11822.1
      314.000        12256.8
      315.000        12601.5
      316.000        12997.7
      317.000        13787.3
      318.000        14316.6
      319.000        14598.3
      320.000        14307.2
