% 1d
% 2021_09_06_081_background
%  119
% from stack 2021_09_06_081_background
      280.000        5403.17
      280.500        5421.08
      281.000        5309.42
      281.500        5327.50
      282.000        5237.83
      282.500        5185.75
      283.000        5240.25
      283.100        5237.75
      283.200        5204.00
      283.300        5153.83
      283.400        5121.83
      283.500        5045.50
      283.600        4992.42
      283.700        4882.83
      283.800        4695.75
      283.900        4494.08
      284.000        4241.42
      284.100        3835.58
      284.200        3554.83
      284.300        3262.25
      284.400        3002.00
      284.500        2765.92
      284.600        2665.67
      284.700        2679.58
      284.800        2821.58
      284.900        2971.17
      285.000        3155.67
      285.100        3400.75
      285.200        3651.42
      285.300        3920.25
      285.400        4032.92
      285.500        4144.83
      285.600        4193.67
      285.700        4254.92
      285.800        3987.25
      285.900        3851.17
      286.000        3734.83
      286.100        3565.25
      286.200        3530.00
      286.300        3577.08
      286.400        3578.50
      286.500        3590.75
      286.600        3549.00
      286.700        3457.42
      286.800        3381.17
      286.900        3252.33
      287.000        3171.17
      287.100        3104.08
      287.200        2959.42
      287.300        2891.58
      287.400        2754.33
      287.500        2619.50
      287.600        2501.67
      287.700        2354.00
      287.800        2211.67
      287.900        2090.67
      288.000        1958.75
      288.100        1913.50
      288.200        1944.67
      288.300        1980.42
      288.400        2046.33
      288.500        2113.33
      288.600        2115.08
      288.700        2140.67
      288.800        2104.00
      288.900        2083.75
      289.000        2035.58
      289.250        1940.67
      289.500        1841.58
      289.750        1736.92
      290.000        1658.92
      290.250        1608.08
      290.500        1554.17
      290.750        1486.50
      291.000        1443.17
      291.250        1442.50
      291.500        1400.83
      291.750        1387.83
      292.000        1383.83
      292.250        1361.83
      292.500        1370.67
      292.750        1379.83
      293.000        1357.67
      293.250        1379.92
      293.500        1381.33
      293.750        1402.33
      294.000        1388.58
      294.500        1428.42
      295.000        1479.92
      295.500        1452.25
      296.000        1458.83
      296.500        1465.17
      297.000        1499.17
      297.500        1559.83
      298.000        1629.92
      298.500        1680.67
      299.000        1672.33
      299.500        1668.67
      300.000        1733.00
      301.000        1880.75
      302.000        2031.33
      303.000        2127.25
      304.000        2329.75
      305.000        2499.83
      306.000        2754.42
      307.000        2962.25
      308.000        3183.50
      309.000        3360.75
      310.000        3570.08
      311.000        3744.50
      312.000        3876.42
      313.000        4064.33
      314.000        4153.08
      315.000        4307.33
      316.000        4422.67
      317.000        4708.00
      318.000        4865.17
      319.000        4992.42
      320.000        5148.58
