% 1d
% 2022_05_01_006_background
%  119
% from stack 2022_05_01_006_background
      280.000        23908.7
      280.500        23935.1
      281.000        23641.9
      281.500        23001.9
      282.000        22716.8
      282.500        22395.0
      283.000        22015.9
      283.100        21736.6
      283.200        21936.6
      283.300        21427.6
      283.400        22245.1
      283.500        22059.6
      283.600        21676.6
      283.700        21694.2
      283.800        21522.0
      283.900        21107.6
      284.000        20337.7
      284.100        19564.6
      284.200        18884.1
      284.300        17899.8
      284.400        17167.0
      284.500        16186.4
      284.600        15942.9
      284.700        16150.6
      284.800        16658.9
      284.900        17073.0
      285.000        17831.1
      285.100        18665.4
      285.200        19365.2
      285.300        19954.8
      285.400        20541.6
      285.500        21021.8
      285.600        21136.5
      285.700        21252.1
      285.800        21150.4
      285.900        20706.6
      286.000        20219.5
      286.100        20146.6
      286.200        20116.8
      286.300        19942.9
      286.400        19684.8
      286.500        19437.5
      286.600        18940.8
      286.700        18350.4
      286.800        17689.6
      286.900        17040.7
      287.000        16540.1
      287.100        16033.7
      287.200        15771.4
      287.300        15391.8
      287.400        14897.4
      287.500        14396.3
      287.600        14033.9
      287.700        13757.1
      287.800        13222.1
      287.900        12711.7
      288.000        12422.9
      288.100        12280.1
      288.200        12299.1
      288.300        12514.9
      288.400        12469.1
      288.500        12554.3
      288.600        12389.5
      288.700        12220.6
      288.800        12077.4
      288.900        11827.8
      289.000        11560.6
      289.250        11063.4
      289.500        10542.6
      289.750        9907.93
      290.000        9679.36
      290.250        9377.00
      290.500        8994.79
      290.750        8750.50
      291.000        8623.71
      291.250        8119.71
      291.500        7621.36
      291.750        7345.64
      292.000        7405.07
      292.250        7701.50
      292.500        7709.07
      292.750        7758.50
      293.000        8230.43
      293.250        8650.57
      293.500        8821.86
      293.750        9127.36
      294.000        9303.86
      294.500        9585.07
      295.000        9731.14
      295.500        9837.14
      296.000        9837.86
      296.500        9621.64
      297.000        9956.57
      297.500        10391.5
      298.000        10455.6
      298.500        10562.1
      299.000        10571.6
      299.500        10641.1
      300.000        11176.4
      301.000        11682.4
      302.000        12364.8
      303.000        13289.5
      304.000        14126.1
      305.000        14970.1
      306.000        15764.9
      307.000        16980.8
      308.000        17900.9
      309.000        19140.2
      310.000        19729.9
      311.000        21131.6
      312.000        21043.5
      313.000        21736.7
      314.000        23953.3
      315.000        23389.6
      316.000        24135.7
      317.000        25815.5
      318.000        25024.7
      319.000        25541.2
      320.000        26409.2
