% 1d
% 2022_09_01_220_background
%  119
% from stack 2022_09_01_220_background
      280.000        1168.00
      280.500        1117.50
      281.000        1027.50
      281.500        957.500
      282.000        891.750
      282.500        878.750
      283.000        755.500
      283.100        680.500
      283.200        645.500
      283.300        595.000
      283.400        567.000
      283.500        535.750
      283.600        495.000
      283.700        448.000
      283.800        437.500
      283.900        407.000
      284.000        377.250
      284.100        361.250
      284.200        347.250
      284.300        320.750
      284.400        347.250
      284.500        357.750
      284.600        371.000
      284.700        395.250
      284.800        430.750
      284.900        446.750
      285.000        471.000
      285.100        470.250
      285.200        500.500
      285.300        572.000
      285.400        555.750
      285.500        551.750
      285.600        553.250
      285.700        533.250
      285.800        530.750
      285.900        539.750
      286.000        492.500
      286.100        517.750
      286.200        483.000
      286.300        460.750
      286.400        455.500
      286.500        431.000
      286.600        417.750
      286.700        429.500
      286.800        428.000
      286.900        400.250
      287.000        350.250
      287.100        369.500
      287.200        335.500
      287.300        331.750
      287.400        307.750
      287.500        293.500
      287.600        287.750
      287.700        286.750
      287.800        273.750
      287.900        270.750
      288.000        259.000
      288.100        260.500
      288.200        277.000
      288.300        280.750
      288.400        284.750
      288.500        278.500
      288.600        280.500
      288.700        297.750
      288.800        274.750
      288.900        290.250
      289.000        281.500
      289.250        277.000
      289.500        282.250
      289.750        307.500
      290.000        330.250
      290.250        349.500
      290.500        366.250
      290.750        378.500
      291.000        429.500
      291.250        428.000
      291.500        412.000
      291.750        441.500
      292.000        452.750
      292.250        453.750
      292.500        459.250
      292.750        481.500
      293.000        517.250
      293.250        478.500
      293.500        514.000
      293.750        530.000
      294.000        550.500
      294.500        575.250
      295.000        587.500
      295.500        623.500
      296.000        636.750
      296.500        634.500
      297.000        687.250
      297.500        724.000
      298.000        728.250
      298.500        745.250
      299.000        822.250
      299.500        816.500
      300.000        845.250
      301.000        871.750
      302.000        945.500
      303.000        1009.50
      304.000        1126.25
      305.000        1214.25
      306.000        1286.25
      307.000        1401.25
      308.000        1527.25
      309.000        1594.75
      310.000        1730.50
      311.000        1812.50
      312.000        1848.00
      313.000        1918.75
      314.000        1955.25
      315.000        2104.75
      316.000        2070.00
      317.000        2160.25
      318.000        2289.00
      319.000        2455.25
      320.000        2522.00
