% 1d
% 2022_04_30_052_background
%  119
% from stack 2022_04_30_052_background
      280.000        25307.8
      280.500        24776.7
      281.000        24068.9
      281.500        23865.6
      282.000        23488.9
      282.500        23195.6
      283.000        23040.0
      283.100        23118.9
      283.200        22963.3
      283.300        22900.0
      283.400        22965.6
      283.500        22697.8
      283.600        22650.0
      283.700        22380.0
      283.800        22063.3
      283.900        21318.9
      284.000        20192.2
      284.100        19312.2
      284.200        18172.2
      284.300        17523.3
      284.400        16853.3
      284.500        16400.0
      284.600        16573.3
      284.700        16790.0
      284.800        17268.9
      284.900        17547.8
      285.000        18473.3
      285.100        19608.9
      285.200        20355.6
      285.300        21391.1
      285.400        22028.9
      285.500        22182.2
      285.600        22252.2
      285.700        22151.1
      285.800        21988.9
      285.900        21742.2
      286.000        21578.9
      286.100        21270.0
      286.200        21071.1
      286.300        21185.6
      286.400        21194.4
      286.500        20728.9
      286.600        19557.8
      286.700        19298.9
      286.800        19118.9
      286.900        18853.3
      287.000        18466.7
      287.100        18150.0
      287.200        17735.6
      287.300        17167.8
      287.400        16643.3
      287.500        16037.8
      287.600        15448.9
      287.700        14926.7
      287.800        14446.7
      287.900        14201.1
      288.000        14014.4
      288.100        14233.3
      288.200        14530.0
      288.300        14733.3
      288.400        14858.9
      288.500        15123.3
      288.600        15015.6
      288.700        15022.2
      288.800        14855.6
      288.900        14676.7
      289.000        14650.0
      289.250        14232.2
      289.500        13724.4
      289.750        13362.2
      290.000        13244.4
      290.250        13144.4
      290.500        12722.2
      290.750        12678.9
      291.000        12498.9
      291.250        12563.3
      291.500        12382.2
      291.750        12280.0
      292.000        12352.2
      292.250        12332.2
      292.500        12562.2
      292.750        12568.9
      293.000        12635.6
      293.250        12834.4
      293.500        12938.9
      293.750        13125.6
      294.000        13361.1
      294.500        13528.9
      295.000        13588.9
      295.500        13711.1
      296.000        14070.0
      296.500        13772.2
      297.000        14154.4
      297.500        15010.0
      298.000        15243.3
      298.500        14975.6
      299.000        14771.1
      299.500        14721.1
      300.000        15514.4
      301.000        16510.0
      302.000        19353.3
      303.000        18213.3
      304.000        19347.8
      305.000        20598.9
      306.000        23953.3
      307.000        24984.4
      308.000        24415.6
      309.000        27367.8
      310.000        26398.9
      311.000        27462.2
      312.000        28484.4
      313.000        29463.3
      314.000        30384.4
      315.000        30968.9
      316.000        31796.7
      317.000        32595.6
      318.000        33318.9
      319.000        36948.9
      320.000        35053.3
