% 1d
% 2022_08_31_011_background
%  119
% from stack 2022_08_31_011_background
      280.000        1315.00
      280.500        1167.22
      281.000        1011.56
      281.500        905.778
      282.000        837.000
      282.500        863.556
      283.000        814.889
      283.100        765.000
      283.200        765.222
      283.300        744.111
      283.400        703.333
      283.500        687.667
      283.600        668.444
      283.700        638.667
      283.800        649.889
      283.900        619.000
      284.000        618.333
      284.100        586.111
      284.200        594.000
      284.300        587.000
      284.400        592.667
      284.500        610.667
      284.600        647.111
      284.700        707.444
      284.800        740.000
      284.900        783.222
      285.000        823.778
      285.100        866.889
      285.200        898.222
      285.300        928.000
      285.400        926.889
      285.500        922.333
      285.600        935.444
      285.700        927.444
      285.800        906.889
      285.900        895.778
      286.000        868.889
      286.100        886.000
      286.200        862.222
      286.300        823.333
      286.400        835.444
      286.500        801.000
      286.600        780.889
      286.700        741.667
      286.800        731.222
      286.900        710.000
      287.000        693.111
      287.100        689.000
      287.200        670.667
      287.300        653.444
      287.400        629.889
      287.500        617.222
      287.600        602.667
      287.700        567.556
      287.800        550.000
      287.900        558.000
      288.000        536.667
      288.100        534.222
      288.200        542.444
      288.300        540.667
      288.400        549.222
      288.500        552.111
      288.600        551.111
      288.700        556.889
      288.800        555.444
      288.900        561.222
      289.000        544.111
      289.250        579.222
      289.500        595.222
      289.750        609.778
      290.000        673.444
      290.250        695.444
      290.500        753.000
      290.750        761.889
      291.000        804.333
      291.250        838.000
      291.500        852.778
      291.750        889.778
      292.000        910.000
      292.250        936.667
      292.500        953.000
      292.750        963.111
      293.000        1010.78
      293.250        1023.67
      293.500        1051.78
      293.750        1065.11
      294.000        1095.11
      294.500        1132.44
      295.000        1152.78
      295.500        1181.67
      296.000        1241.22
      296.500        1233.11
      297.000        1278.22
      297.500        1344.89
      298.000        1406.56
      298.500        1424.89
      299.000        1457.00
      299.500        1475.78
      300.000        1570.78
      301.000        1619.22
      302.000        1754.11
      303.000        1899.56
      304.000        2022.44
      305.000        2166.44
      306.000        2497.11
      307.000        2605.44
      308.000        2862.11
      309.000        3025.67
      310.000        3148.33
      311.000        3234.78
      312.000        3282.33
      313.000        3525.44
      314.000        3567.44
      315.000        3736.00
      316.000        3770.67
      317.000        3815.89
      318.000        3829.00
      319.000        3956.22
      320.000        4015.33
