% 1d
% 2022_09_01_149_background
%  119
% from stack 2022_09_01_149_background
      280.000        1448.98
      280.500        1338.15
      281.000        1199.93
      281.500        1082.55
      282.000        1008.02
      282.500        973.233
      283.000        874.917
      283.100        830.650
      283.200        787.750
      283.300        748.983
      283.400        694.183
      283.500        661.283
      283.600        615.167
      283.700        585.667
      283.800        567.917
      283.900        524.050
      284.000        508.733
      284.100        487.383
      284.200        476.983
      284.300        469.367
      284.400        463.500
      284.500        464.933
      284.600        486.667
      284.700        525.100
      284.800        558.567
      284.900        594.900
      285.000        609.000
      285.100        640.017
      285.200        664.367
      285.300        684.150
      285.400        697.017
      285.500        715.333
      285.600        722.633
      285.700        699.550
      285.800        698.500
      285.900        672.950
      286.000        669.650
      286.100        650.817
      286.200        638.333
      286.300        641.717
      286.400        624.883
      286.500        613.667
      286.600        569.817
      286.700        554.000
      286.800        545.667
      286.900        516.617
      287.000        496.467
      287.100        481.067
      287.200        471.950
      287.300        458.617
      287.400        435.050
      287.500        415.850
      287.600        403.050
      287.700        388.833
      287.800        369.750
      287.900        366.767
      288.000        354.950
      288.100        355.450
      288.200        357.233
      288.300        361.717
      288.400        359.033
      288.500        356.917
      288.600        363.800
      288.700        364.350
      288.800        358.733
      288.900        355.767
      289.000        352.833
      289.250        360.767
      289.500        375.983
      289.750        400.833
      290.000        430.700
      290.250        451.517
      290.500        475.933
      290.750        515.900
      291.000        534.200
      291.250        554.350
      291.500        563.317
      291.750        574.967
      292.000        592.533
      292.250        599.117
      292.500        638.583
      292.750        638.617
      293.000        677.800
      293.250        669.567
      293.500        680.400
      293.750        693.550
      294.000        725.583
      294.500        743.867
      295.000        763.950
      295.500        785.817
      296.000        794.683
      296.500        793.617
      297.000        832.683
      297.500        910.633
      298.000        895.850
      298.500        930.300
      299.000        945.983
      299.500        959.167
      300.000        1026.33
      301.000        1116.53
      302.000        1174.83
      303.000        1301.83
      304.000        1376.02
      305.000        1470.30
      306.000        1603.37
      307.000        1734.33
      308.000        1896.62
      309.000        1986.15
      310.000        2290.57
      311.000        2332.75
      312.000        2410.47
      313.000        2468.85
      314.000        2469.48
      315.000        2601.88
      316.000        2638.20
      317.000        2697.98
      318.000        2786.48
      319.000        2762.57
      320.000        2784.78
