% 1d
% 2022_09_01_227_background
%  119
% from stack 2022_09_01_227_background
      280.000        1645.00
      280.500        1475.00
      281.000        1354.71
      281.500        1258.86
      282.000        1191.86
      282.500        1130.43
      283.000        958.143
      283.100        904.571
      283.200        848.143
      283.300        790.000
      283.400        743.571
      283.500        708.000
      283.600        651.143
      283.700        621.000
      283.800        578.286
      283.900        530.571
      284.000        498.714
      284.100        515.000
      284.200        479.286
      284.300        472.857
      284.400        465.143
      284.500        477.857
      284.600        504.571
      284.700        522.000
      284.800        546.000
      284.900        579.714
      285.000        646.000
      285.100        664.286
      285.200        715.571
      285.300        702.857
      285.400        703.571
      285.500        684.143
      285.600        688.143
      285.700        652.000
      285.800        636.714
      285.900        635.000
      286.000        624.000
      286.100        620.429
      286.200        648.143
      286.300        625.000
      286.400        582.000
      286.500        589.714
      286.600        566.286
      286.700        548.000
      286.800        527.857
      286.900        528.143
      287.000        502.143
      287.100        498.143
      287.200        482.429
      287.300        453.286
      287.400        442.286
      287.500        421.143
      287.600        399.143
      287.700        392.714
      287.800        408.571
      287.900        383.714
      288.000        374.571
      288.100        373.714
      288.200        378.143
      288.300        381.857
      288.400        397.857
      288.500        397.000
      288.600        379.571
      288.700        375.000
      288.800        387.143
      288.900        372.000
      289.000        381.429
      289.250        411.429
      289.500        415.571
      289.750        423.714
      290.000        455.143
      290.250        483.857
      290.500        511.000
      290.750        528.000
      291.000        574.286
      291.250        588.429
      291.500        616.000
      291.750        628.857
      292.000        657.000
      292.250        663.143
      292.500        652.429
      292.750        676.000
      293.000        709.429
      293.250        712.714
      293.500        727.000
      293.750        765.286
      294.000        779.000
      294.500        813.429
      295.000        830.143
      295.500        860.143
      296.000        907.000
      296.500        904.286
      297.000        924.429
      297.500        969.714
      298.000        1044.29
      298.500        1035.86
      299.000        1072.71
      299.500        1108.14
      300.000        1177.29
      301.000        1247.29
      302.000        1329.29
      303.000        1419.71
      304.000        1480.86
      305.000        1573.29
      306.000        1852.29
      307.000        1946.57
      308.000        2054.57
      309.000        2296.86
      310.000        2278.71
      311.000        2475.86
      312.000        2532.71
      313.000        2572.57
      314.000        2647.57
      315.000        2765.29
      316.000        2788.00
      317.000        3034.57
      318.000        3099.57
      319.000        3206.71
      320.000        3174.86
