% 1d
% 2022_05_31_042_background
%  119
% from stack 2022_05_31_042_background
      280.000        28634.4
      280.500        28345.6
      281.000        27888.9
      281.500        27336.1
      282.000        26456.1
      282.500        25742.2
      283.000        25655.0
      283.100        25346.7
      283.200        25833.9
      283.300        26374.4
      283.400        26633.3
      283.500        26653.9
      283.600        26501.7
      283.700        26685.6
      283.800        26315.0
      283.900        26275.0
      284.000        26291.1
      284.100        25876.1
      284.200        24992.2
      284.300        24106.1
      284.400        23345.6
      284.500        22534.4
      284.600        22366.1
      284.700        22581.7
      284.800        22967.8
      284.900        23528.9
      285.000        24240.0
      285.100        24992.2
      285.200        25939.4
      285.300        26609.4
      285.400        27001.1
      285.500        26846.7
      285.600        26851.7
      285.700        26708.3
      285.800        26640.6
      285.900        26580.0
      286.000        25860.6
      286.100        25776.7
      286.200        25447.8
      286.300        24480.0
      286.400        23940.0
      286.500        23504.4
      286.600        22674.4
      286.700        21702.2
      286.800        21361.1
      286.900        20963.3
      287.000        20391.7
      287.100        20208.9
      287.200        19971.7
      287.300        19800.0
      287.400        19506.7
      287.500        19168.3
      287.600        18677.8
      287.700        18302.8
      287.800        17891.1
      287.900        17373.9
      288.000        16854.4
      288.100        16673.3
      288.200        16481.7
      288.300        16706.7
      288.400        16702.2
      288.500        16849.4
      288.600        16958.9
      288.700        16971.7
      288.800        17047.2
      288.900        16661.1
      289.000        16484.4
      289.250        16347.2
      289.500        15929.4
      289.750        15249.4
      290.000        14973.3
      290.250        14527.8
      290.500        14315.6
      290.750        14162.2
      291.000        14178.9
      291.250        14135.6
      291.500        13951.1
      291.750        13944.4
      292.000        14118.3
      292.250        13975.0
      292.500        13780.6
      292.750        13957.8
      293.000        14215.6
      293.250        13946.1
      293.500        13624.4
      293.750        13703.3
      294.000        13813.9
      294.500        14405.0
      295.000        14697.2
      295.500        14665.6
      296.000        14693.3
      296.500        14701.1
      297.000        14802.2
      297.500        15552.8
      298.000        15848.3
      298.500        16277.2
      299.000        17289.4
      299.500        16734.4
      300.000        17736.7
      301.000        19004.4
      302.000        19728.9
      303.000        20628.9
      304.000        21921.1
      305.000        23372.2
      306.000        24084.4
      307.000        25565.6
      308.000        26708.3
      309.000        27483.9
      310.000        32415.0
      311.000        29164.4
      312.000        33846.1
      313.000        30670.0
      314.000        32035.0
      315.000        36827.8
      316.000        34171.1
      317.000        35436.1
      318.000        36103.3
      319.000        36521.7
      320.000        38178.9
