% 1d
% 2022_05_01_026_background
%  119
% from stack 2022_05_01_026_background
      280.000        23040.8
      280.500        22545.7
      281.000        22385.1
      281.500        22172.6
      282.000        22072.5
      282.500        21721.2
      283.000        21447.7
      283.100        21594.4
      283.200        21839.2
      283.300        21563.7
      283.400        21339.3
      283.500        21354.7
      283.600        21263.6
      283.700        21065.6
      283.800        20860.4
      283.900        20267.8
      284.000        19494.8
      284.100        18883.2
      284.200        18236.7
      284.300        17225.9
      284.400        16283.6
      284.500        15461.9
      284.600        15292.6
      284.700        15531.9
      284.800        15961.9
      284.900        16629.4
      285.000        17316.7
      285.100        17764.8
      285.200        18597.8
      285.300        19388.3
      285.400        19230.2
      285.500        19352.8
      285.600        19609.9
      285.700        19943.9
      285.800        19249.9
      285.900        19632.1
      286.000        19888.9
      286.100        19111.7
      286.200        19533.9
      286.300        19469.9
      286.400        19369.9
      286.500        19191.0
      286.600        18534.0
      286.700        18060.2
      286.800        17254.4
      286.900        16745.9
      287.000        16325.8
      287.100        15898.2
      287.200        15517.5
      287.300        15350.2
      287.400        15021.2
      287.500        14422.6
      287.600        13963.8
      287.700        13839.5
      287.800        13408.8
      287.900        12934.5
      288.000        12601.9
      288.100        12794.9
      288.200        12858.9
      288.300        12884.3
      288.400        12877.9
      288.500        13135.2
      288.600        12975.7
      288.700        12819.8
      288.800        12738.7
      288.900        12680.3
      289.000        12109.4
      289.250        11621.3
      289.500        11227.9
      289.750        10711.7
      290.000        10605.9
      290.250        10537.8
      290.500        10305.7
      290.750        10122.5
      291.000        9982.56
      291.250        9958.78
      291.500        9743.72
      291.750        9545.61
      292.000        9563.17
      292.250        9617.39
      292.500        9777.22
      292.750        9727.33
      293.000        9698.06
      293.250        9740.17
      293.500        9737.94
      293.750        9914.00
      294.000        9743.72
      294.500        9930.00
      295.000        9699.89
      295.500        10464.3
      296.000        10262.5
      296.500        10329.1
      297.000        10489.7
      297.500        11072.4
      298.000        11483.8
      298.500        11465.3
      299.000        11312.1
      299.500        11333.6
      300.000        11990.2
      301.000        12595.8
      302.000        13234.6
      303.000        14254.8
      304.000        15110.6
      305.000        15204.6
      306.000        16738.3
      307.000        17216.5
      308.000        17904.1
      309.000        18960.1
      310.000        19538.2
      311.000        20505.6
      312.000        21472.8
      313.000        22183.2
      314.000        23177.2
      315.000        22859.2
      316.000        24031.4
      317.000        24147.6
      318.000        25631.7
      319.000        26261.8
      320.000        27184.7
