% 1d
% 2022_08_31_020_background
%  119
% from stack 2022_08_31_020_background
      280.000        1844.10
      280.500        1689.10
      281.000        1429.70
      281.500        1190.00
      282.000        1083.30
      282.500        1082.90
      283.000        999.800
      283.100        946.700
      283.200        913.200
      283.300        860.700
      283.400        837.700
      283.500        782.600
      283.600        740.900
      283.700        730.800
      283.800        720.400
      283.900        670.100
      284.000        679.300
      284.100        663.800
      284.200        648.300
      284.300        647.500
      284.400        643.700
      284.500        663.300
      284.600        723.600
      284.700        750.200
      284.800        797.000
      284.900        835.200
      285.000        881.600
      285.100        894.300
      285.200        956.200
      285.300        951.100
      285.400        969.900
      285.500        965.900
      285.600        952.700
      285.700        932.500
      285.800        912.800
      285.900        921.200
      286.000        901.100
      286.100        888.300
      286.200        869.400
      286.300        862.000
      286.400        835.500
      286.500        799.600
      286.600        784.400
      286.700        755.200
      286.800        728.900
      286.900        723.300
      287.000        702.300
      287.100        693.200
      287.200        655.300
      287.300        642.300
      287.400        590.200
      287.500        591.900
      287.600        574.400
      287.700        549.700
      287.800        537.200
      287.900        517.100
      288.000        514.100
      288.100        527.700
      288.200        545.200
      288.300        535.100
      288.400        530.100
      288.500        527.900
      288.600        535.300
      288.700        529.400
      288.800        514.800
      288.900        520.400
      289.000        532.700
      289.250        530.600
      289.500        559.700
      289.750        585.100
      290.000        637.700
      290.250        681.100
      290.500        715.300
      290.750        733.500
      291.000        775.200
      291.250        782.400
      291.500        822.200
      291.750        851.800
      292.000        849.600
      292.250        878.800
      292.500        878.500
      292.750        896.400
      293.000        917.200
      293.250        954.700
      293.500        971.200
      293.750        1008.00
      294.000        1032.80
      294.500        1060.90
      295.000        1116.90
      295.500        1125.80
      296.000        1187.20
      296.500        1142.50
      297.000        1182.30
      297.500        1231.30
      298.000        1278.30
      298.500        1324.40
      299.000        1342.20
      299.500        1358.70
      300.000        1446.70
      301.000        1512.30
      302.000        1609.60
      303.000        1753.80
      304.000        1898.00
      305.000        2051.00
      306.000        2190.10
      307.000        2460.60
      308.000        2658.00
      309.000        2865.40
      310.000        2955.50
      311.000        3035.10
      312.000        3170.80
      313.000        3232.00
      314.000        3354.60
      315.000        3485.20
      316.000        3463.60
      317.000        3699.80
      318.000        3640.40
      319.000        3793.20
      320.000        3797.90
