% 1d
% 2022_05_31_025_background
%  119
% from stack 2022_05_31_025_background
      280.000        18994.7
      280.500        18388.6
      281.000        18452.7
      281.500        17954.3
      282.000        17819.4
      282.500        18072.2
      283.000        17815.0
      283.100        18320.3
      283.200        18136.3
      283.300        18056.6
      283.400        17312.3
      283.500        17402.2
      283.600        18520.9
      283.700        17668.7
      283.800        18739.6
      283.900        19153.2
      284.000        18679.2
      284.100        17902.3
      284.200        17932.3
      284.300        16316.3
      284.400        15193.7
      284.500        14974.5
      284.600        14851.8
      284.700        14941.7
      284.800        15653.2
      284.900        16142.9
      285.000        16382.1
      285.100        16499.0
      285.200        16512.7
      285.300        16247.3
      285.400        16059.8
      285.500        15628.8
      285.600        15378.7
      285.700        15709.1
      285.800        15854.2
      285.900        15838.9
      286.000        14769.2
      286.100        14146.5
      286.200        13363.5
      286.300        13361.6
      286.400        13704.5
      286.500        12908.3
      286.600        11956.7
      286.700        11449.8
      286.800        11493.1
      286.900        11397.4
      287.000        10935.2
      287.100        10618.7
      287.200        10855.3
      287.300        10669.2
      287.400        10744.0
      287.500        10526.4
      287.600        10770.8
      287.700        10651.1
      287.800        10076.2
      287.900        9375.75
      288.000        8945.75
      288.100        8822.20
      288.200        8589.65
      288.300        7843.45
      288.400        8051.55
      288.500        8183.00
      288.600        7625.35
      288.700        6565.70
      288.800        7152.20
      288.900        7450.40
      289.000        7982.25
      289.250        8156.65
      289.500        7924.90
      289.750        7484.20
      290.000        7460.05
      290.250        7505.05
      290.500        7761.55
      290.750        7726.15
      291.000        7198.50
      291.250        7087.05
      291.500        6800.70
      291.750        6569.70
      292.000        6660.50
      292.250        6793.80
      292.500        6945.40
      292.750        7078.55
      293.000        6842.35
      293.250        6813.90
      293.500        6429.10
      293.750        6162.90
      294.000        6069.15
      294.500        6388.35
      295.000        6612.65
      295.500        6649.75
      296.000        6738.50
      296.500        6934.05
      297.000        6987.90
      297.500        6845.60
      298.000        6951.45
      298.500        7054.00
      299.000        7097.60
      299.500        6830.70
      300.000        7545.90
      301.000        8064.75
      302.000        8541.40
      303.000        8599.50
      304.000        8571.55
      305.000        9345.55
      306.000        9801.65
      307.000        10211.7
      308.000        10638.0
      309.000        10805.3
      310.000        10962.5
      311.000        10930.5
      312.000        11576.0
      313.000        12182.6
      314.000        12608.7
      315.000        11568.3
      316.000        12061.5
      317.000        12737.3
      318.000        13355.2
      319.000        13696.5
      320.000        14051.4
