% 1d
% 2022_05_03_045_background
%  119
% from stack 2022_05_03_045_background
      280.000        21282.0
      280.500        20874.1
      281.000        20301.9
      281.500        20174.7
      282.000        19912.3
      282.500        19731.5
      283.000        19517.0
      283.100        19271.4
      283.200        19058.8
      283.300        18915.8
      283.400        19047.0
      283.500        18892.5
      283.600        18713.9
      283.700        19150.4
      283.800        18996.1
      283.900        18536.6
      284.000        18071.7
      284.100        17219.9
      284.200        15944.4
      284.300        14560.3
      284.400        13791.2
      284.500        12930.4
      284.600        12635.4
      284.700        12708.3
      284.800        13080.1
      284.900        13863.5
      285.000        14603.5
      285.100        15601.0
      285.200        16821.2
      285.300        17082.4
      285.400        17549.5
      285.500        17640.6
      285.600        17632.9
      285.700        18162.4
      285.800        18273.6
      285.900        18133.0
      286.000        17555.1
      286.100        17553.5
      286.200        17624.4
      286.300        17883.1
      286.400        17548.9
      286.500        17064.6
      286.600        16294.4
      286.700        15609.4
      286.800        14978.6
      286.900        14291.9
      287.000        13895.4
      287.100        13617.3
      287.200        13461.6
      287.300        13084.9
      287.400        12897.1
      287.500        12684.0
      287.600        12358.3
      287.700        11988.1
      287.800        11563.6
      287.900        11305.1
      288.000        11048.0
      288.100        10904.2
      288.200        11093.5
      288.300        11153.0
      288.400        11145.5
      288.500        11085.7
      288.600        11264.7
      288.700        11303.0
      288.800        11027.6
      288.900        10826.4
      289.000        10582.9
      289.250        10238.3
      289.500        9741.81
      289.750        9171.00
      290.000        8811.48
      290.250        8589.19
      290.500        8360.86
      290.750        8236.24
      291.000        8237.14
      291.250        8293.52
      291.500        8215.62
      291.750        8193.43
      292.000        8287.33
      292.250        8220.14
      292.500        8337.90
      292.750        8437.10
      293.000        8286.86
      293.250        8401.48
      293.500        8575.86
      293.750        8550.57
      294.000        8772.38
      294.500        8891.67
      295.000        9090.67
      295.500        9125.43
      296.000        8998.43
      296.500        8851.67
      297.000        9028.38
      297.500        9427.00
      298.000        9639.62
      298.500        9794.19
      299.000        9931.90
      299.500        9908.52
      300.000        10338.9
      301.000        10792.5
      302.000        11358.1
      303.000        12268.5
      304.000        13032.4
      305.000        13921.5
      306.000        14771.2
      307.000        15398.6
      308.000        15821.0
      309.000        16755.6
      310.000        17378.9
      311.000        18350.3
      312.000        19066.2
      313.000        19686.5
      314.000        20327.7
      315.000        21267.6
      316.000        21477.7
      317.000        22117.7
      318.000        23329.7
      319.000        23889.4
      320.000        24415.5
