% 1d
% 2022_05_02_220_background
%  119
% from stack 2022_05_02_220_background
      280.000        23638.1
      280.500        23341.5
      281.000        22878.2
      281.500        22460.8
      282.000        22168.4
      282.500        22173.3
      283.000        21999.1
      283.100        21750.9
      283.200        21675.2
      283.300        21572.9
      283.400        21559.1
      283.500        21536.5
      283.600        21290.4
      283.700        21022.7
      283.800        20663.4
      283.900        20250.2
      284.000        19705.9
      284.100        19145.7
      284.200        18111.1
      284.300        17050.4
      284.400        16215.3
      284.500        15559.9
      284.600        15618.3
      284.700        15985.9
      284.800        16486.0
      284.900        17388.6
      285.000        18332.8
      285.100        19127.9
      285.200        19843.5
      285.300        20564.6
      285.400        20870.7
      285.500        21018.9
      285.600        20982.5
      285.700        20859.1
      285.800        20540.0
      285.900        20140.5
      286.000        20215.9
      286.100        19922.1
      286.200        19570.5
      286.300        19514.9
      286.400        19118.9
      286.500        18581.9
      286.600        18079.7
      286.700        17490.3
      286.800        17162.9
      286.900        16781.1
      287.000        16378.1
      287.100        15896.3
      287.200        15465.6
      287.300        15298.7
      287.400        14828.7
      287.500        14535.3
      287.600        14190.0
      287.700        13849.0
      287.800        13555.1
      287.900        13361.3
      288.000        13282.8
      288.100        13379.4
      288.200        13543.5
      288.300        13411.1
      288.400        13556.1
      288.500        13602.4
      288.600        13593.1
      288.700        13331.1
      288.800        13071.5
      288.900        13072.0
      289.000        12702.2
      289.250        12336.1
      289.500        11894.1
      289.750        11355.4
      290.000        11257.4
      290.250        11255.8
      290.500        10980.3
      290.750        10670.2
      291.000        10568.2
      291.250        10442.7
      291.500        10195.6
      291.750        10140.1
      292.000        10176.1
      292.250        10176.1
      292.500        10138.8
      292.750        10504.6
      293.000        10701.1
      293.250        10653.1
      293.500        10799.7
      293.750        11048.1
      294.000        11205.3
      294.500        11318.0
      295.000        11539.5
      295.500        11501.5
      296.000        11509.4
      296.500        11262.3
      297.000        11616.5
      297.500        12162.4
      298.000        12155.3
      298.500        12263.5
      299.000        12301.3
      299.500        12779.5
      300.000        13238.1
      301.000        13846.0
      302.000        14338.1
      303.000        15052.3
      304.000        16028.7
      305.000        16938.1
      306.000        18083.1
      307.000        18896.9
      308.000        19880.2
      309.000        20724.9
      310.000        21563.5
      311.000        22132.5
      312.000        22938.7
      313.000        23335.2
      314.000        23880.5
      315.000        24666.7
      316.000        25534.2
      317.000        26055.8
      318.000        26762.7
      319.000        27627.0
      320.000        28350.1
