% 1d
% 2022_08_31_060_background
%  119
% from stack 2022_08_31_060_background
      280.000        1944.22
      280.500        1724.11
      281.000        1525.33
      281.500        1251.00
      282.000        1164.89
      282.500        1136.11
      283.000        993.222
      283.100        943.667
      283.200        914.889
      283.300        863.222
      283.400        809.111
      283.500        781.889
      283.600        732.333
      283.700        697.667
      283.800        681.889
      283.900        652.000
      284.000        642.778
      284.100        631.000
      284.200        624.444
      284.300        616.333
      284.400        612.111
      284.500        635.333
      284.600        644.000
      284.700        682.889
      284.800        735.778
      284.900        761.333
      285.000        814.556
      285.100        839.222
      285.200        880.222
      285.300        903.111
      285.400        894.000
      285.500        894.667
      285.600        876.889
      285.700        865.444
      285.800        852.222
      285.900        844.778
      286.000        832.778
      286.100        806.000
      286.200        780.000
      286.300        784.444
      286.400        781.111
      286.500        735.000
      286.600        729.222
      286.700        689.222
      286.800        707.000
      286.900        675.444
      287.000        652.778
      287.100        643.889
      287.200        615.000
      287.300        599.333
      287.400        567.778
      287.500        563.111
      287.600        539.778
      287.700        511.889
      287.800        496.778
      287.900        485.222
      288.000        485.778
      288.100        487.000
      288.200        502.222
      288.300        497.778
      288.400        488.333
      288.500        478.667
      288.600        475.000
      288.700        495.889
      288.800        481.000
      288.900        491.333
      289.000        466.889
      289.250        502.778
      289.500        517.111
      289.750        537.889
      290.000        570.889
      290.250        623.111
      290.500        670.444
      290.750        696.111
      291.000        715.333
      291.250        741.222
      291.500        780.111
      291.750        766.444
      292.000        795.444
      292.250        810.667
      292.500        839.778
      292.750        832.000
      293.000        859.111
      293.250        890.000
      293.500        893.778
      293.750        921.889
      294.000        958.222
      294.500        978.222
      295.000        1009.11
      295.500        1036.33
      296.000        1067.33
      296.500        1082.11
      297.000        1127.00
      297.500        1219.67
      298.000        1230.78
      298.500        1253.56
      299.000        1251.22
      299.500        1284.00
      300.000        1366.78
      301.000        1446.33
      302.000        1501.67
      303.000        1629.11
      304.000        1751.78
      305.000        1926.22
      306.000        2031.89
      307.000        2196.67
      308.000        2340.33
      309.000        2454.78
      310.000        2692.33
      311.000        2838.89
      312.000        2970.11
      313.000        3042.11
      314.000        3121.78
      315.000        3181.33
      316.000        3215.22
      317.000        3336.22
      318.000        3498.44
      319.000        3480.33
      320.000        3522.22
