% 1d
% 2022_08_30_079_darkscan
%  119
% from stack 2022_08_30_079_darkscan
      280.000        3.20000
      280.500        3.50000
      281.000        3.00000
      281.500        3.80000
      282.000        2.60000
      282.500        2.60000
      283.000        2.80000
      283.100        3.00000
      283.200        2.90000
      283.300        3.90000
      283.400        3.60000
      283.500        2.00000
      283.600        2.70000
      283.700        3.00000
      283.800        3.00000
      283.900        2.60000
      284.000        3.00000
      284.100        3.90000
      284.200        2.50000
      284.300        2.50000
      284.400        3.10000
      284.500        2.60000
      284.600        4.40000
      284.700        4.00000
      284.800        4.60000
      284.900        2.60000
      285.000        2.90000
      285.100        3.60000
      285.200        3.40000
      285.300        3.10000
      285.400        4.40000
      285.500        3.20000
      285.600        2.30000
      285.700        3.70000
      285.800        3.40000
      285.900        3.20000
      286.000        2.30000
      286.100        3.30000
      286.200        3.70000
      286.300        3.20000
      286.400        2.50000
      286.500        3.20000
      286.600        3.80000
      286.700        2.30000
      286.800        3.30000
      286.900        3.90000
      287.000        3.60000
      287.100        2.80000
      287.200        2.90000
      287.300        2.60000
      287.400        3.20000
      287.500        3.30000
      287.600        3.20000
      287.700        3.60000
      287.800        2.90000
      287.900        2.70000
      288.000        3.70000
      288.100        3.70000
      288.200        3.40000
      288.300        2.60000
      288.400        3.10000
      288.500        3.00000
      288.600        2.40000
      288.700        2.50000
      288.800        2.30000
      288.900        2.00000
      289.000        3.30000
      289.250        3.30000
      289.500        2.60000
      289.750        3.20000
      290.000        2.00000
      290.250        3.70000
      290.500        2.30000
      290.750        3.30000
      291.000        2.70000
      291.250        2.60000
      291.500        2.30000
      291.750        1.50000
      292.000        3.70000
      292.250        2.90000
      292.500        4.60000
      292.750        3.80000
      293.000        2.90000
      293.250        3.40000
      293.500        3.40000
      293.750        2.60000
      294.000        3.30000
      294.500        2.80000
      295.000        3.50000
      295.500        3.20000
      296.000        3.70000
      296.500        3.20000
      297.000        3.60000
      297.500        3.40000
      298.000        3.80000
      298.500        3.80000
      299.000        3.70000
      299.500        4.20000
      300.000        3.30000
      301.000        2.40000
      302.000        3.50000
      303.000        3.00000
      304.000        2.60000
      305.000        3.00000
      306.000        3.70000
      307.000        2.70000
      308.000        2.90000
      309.000        2.60000
      310.000        2.40000
      311.000        3.80000
      312.000        2.30000
      313.000        2.70000
      314.000        3.70000
      315.000        2.80000
      316.000        2.80000
      317.000        2.20000
      318.000        3.20000
      319.000        3.70000
      320.000        2.80000
