% 1d
% 2022_08_31_118_background
%  119
% from stack 2022_08_31_118_background
      280.000        1455.15
      280.500        1334.39
      281.000        1202.70
      281.500        1091.33
      282.000        1033.76
      282.500        961.000
      283.000        870.939
      283.100        818.606
      283.200        748.364
      283.300        718.212
      283.400        668.727
      283.500        630.849
      283.600        598.485
      283.700        569.849
      283.800        547.333
      283.900        508.970
      284.000        496.758
      284.100        469.000
      284.200        453.848
      284.300        431.152
      284.400        396.273
      284.500        385.364
      284.600        383.394
      284.700        408.788
      284.800        442.576
      284.900        475.273
      285.000        515.455
      285.100        577.121
      285.200        613.091
      285.300        640.909
      285.400        660.303
      285.500        678.000
      285.600        656.242
      285.700        646.333
      285.800        647.121
      285.900        619.091
      286.000        615.636
      286.100        613.151
      286.200        596.455
      286.300        574.182
      286.400        588.849
      286.500        559.303
      286.600        519.727
      286.700        499.848
      286.800        485.576
      286.900        484.091
      287.000        466.273
      287.100        455.758
      287.200        445.394
      287.300        437.788
      287.400        422.091
      287.500        404.879
      287.600        385.848
      287.700        372.152
      287.800        358.667
      287.900        344.697
      288.000        340.879
      288.100        339.091
      288.200        344.939
      288.300        346.152
      288.400        356.424
      288.500        351.242
      288.600        354.121
      288.700        347.636
      288.800        346.455
      288.900        361.545
      289.000        348.970
      289.250        345.515
      289.500        367.212
      289.750        380.455
      290.000        419.091
      290.250        447.242
      290.500        464.848
      290.750        501.545
      291.000        522.424
      291.250        561.818
      291.500        580.606
      291.750        605.849
      292.000        618.091
      292.250        627.364
      292.500        637.909
      292.750        664.667
      293.000        690.455
      293.250        696.909
      293.500        730.576
      293.750        736.697
      294.000        750.030
      294.500        784.636
      295.000        802.667
      295.500        835.818
      296.000        853.697
      296.500        875.727
      297.000        894.455
      297.500        948.061
      298.000        984.667
      298.500        1022.76
      299.000        1062.00
      299.500        1042.55
      300.000        1101.88
      301.000        1186.64
      302.000        1282.64
      303.000        1355.12
      304.000        1490.30
      305.000        1640.06
      306.000        1775.73
      307.000        1899.00
      308.000        2020.85
      309.000        2161.82
      310.000        2384.64
      311.000        2497.94
      312.000        2630.24
      313.000        2729.45
      314.000        2781.73
      315.000        2817.21
      316.000        2847.09
      317.000        2938.39
      318.000        3007.97
      319.000        3062.06
      320.000        3167.42
