% 1d
% 2022_05_01_033_background
%  119
% from stack 2022_05_01_033_background
      280.000        22735.0
      280.500        22554.7
      281.000        22291.8
      281.500        22037.5
      282.000        21297.0
      282.500        21107.7
      283.000        20697.7
      283.100        20439.8
      283.200        20144.6
      283.300        20634.1
      283.400        20862.6
      283.500        20452.2
      283.600        20595.9
      283.700        20833.0
      283.800        19907.2
      283.900        19469.3
      284.000        18971.0
      284.100        18590.3
      284.200        18055.3
      284.300        16972.9
      284.400        16126.7
      284.500        14967.6
      284.600        14688.2
      284.700        15075.3
      284.800        15312.7
      284.900        15985.2
      285.000        16579.5
      285.100        17449.3
      285.200        18280.3
      285.300        18962.6
      285.400        19622.3
      285.500        19905.7
      285.600        20490.8
      285.700        20506.7
      285.800        20248.7
      285.900        20041.1
      286.000        19431.9
      286.100        19428.1
      286.200        19233.5
      286.300        19291.1
      286.400        18832.8
      286.500        18728.0
      286.600        18014.9
      286.700        16930.8
      286.800        16591.1
      286.900        16300.3
      287.000        15751.2
      287.100        15497.0
      287.200        15022.5
      287.300        14889.7
      287.400        13916.2
      287.500        12575.8
      287.600        11854.2
      287.700        12042.0
      287.800        12247.8
      287.900        12224.3
      288.000        11784.3
      288.100        11531.6
      288.200        11550.5
      288.300        11741.9
      288.400        12012.0
      288.500        12101.2
      288.600        11886.9
      288.700        11811.3
      288.800        11760.0
      288.900        11540.9
      289.000        11065.4
      289.250        10522.8
      289.500        10027.3
      289.750        9626.44
      290.000        9448.97
      290.250        9390.22
      290.500        8961.31
      290.750        8964.81
      291.000        8744.63
      291.250        8687.81
      291.500        8528.84
      291.750        8422.94
      292.000        8461.34
      292.250        8176.03
      292.500        8026.09
      292.750        7880.22
      293.000        8098.16
      293.250        8277.22
      293.500        8457.72
      293.750        8539.28
      294.000        8447.88
      294.500        8960.56
      295.000        9141.94
      295.500        9164.41
      296.000        9407.13
      296.500        9242.88
      297.000        9448.50
      297.500        9817.69
      298.000        10062.2
      298.500        10140.6
      299.000        10022.2
      299.500        10061.5
      300.000        10612.0
      301.000        11313.2
      302.000        13097.7
      303.000        12706.0
      304.000        13486.5
      305.000        14359.1
      306.000        15382.8
      307.000        16246.1
      308.000        17387.9
      309.000        18164.7
      310.000        19084.1
      311.000        20087.3
      312.000        20478.3
      313.000        21032.1
      314.000        21145.9
      315.000        22101.3
      316.000        23302.8
      317.000        23999.4
      318.000        26007.0
      319.000        25271.8
      320.000        25504.9
