% 1d
% 2022_05_01_086_background
%  119
% from stack 2022_05_01_086_background
      280.000        23487.6
      280.500        23176.5
      281.000        23199.4
      281.500        22981.2
      282.000        22721.2
      282.500        22495.3
      283.000        22627.6
      283.100        22154.7
      283.200        22258.8
      283.300        22430.0
      283.400        22219.4
      283.500        22122.4
      283.600        21791.2
      283.700        21923.5
      283.800        21588.8
      283.900        20995.9
      284.000        20021.2
      284.100        19901.2
      284.200        19392.4
      284.300        18564.7
      284.400        17607.1
      284.500        16318.8
      284.600        15571.2
      284.700        15674.1
      284.800        15961.2
      284.900        16582.4
      285.000        17322.4
      285.100        18134.1
      285.200        18999.4
      285.300        19696.5
      285.400        19662.4
      285.500        20411.8
      285.600        20905.9
      285.700        21270.6
      285.800        20962.4
      285.900        20907.6
      286.000        20237.6
      286.100        20077.6
      286.200        19508.2
      286.300        19358.8
      286.400        18747.1
      286.500        18558.2
      286.600        18270.0
      286.700        17678.8
      286.800        17105.9
      286.900        16811.8
      287.000        16439.4
      287.100        16131.2
      287.200        15404.7
      287.300        15108.2
      287.400        14678.2
      287.500        14534.1
      287.600        14101.8
      287.700        13986.5
      287.800        13650.6
      287.900        13331.2
      288.000        12824.1
      288.100        12645.9
      288.200        12683.5
      288.300        12747.1
      288.400        12846.5
      288.500        12899.4
      288.600        12731.2
      288.700        12537.6
      288.800        12374.7
      288.900        12021.2
      289.000        11893.5
      289.250        11504.1
      289.500        10992.9
      289.750        10539.4
      290.000        10078.8
      290.250        9868.82
      290.500        9677.65
      290.750        9490.59
      291.000        9328.24
      291.250        9158.82
      291.500        8907.06
      291.750        8657.65
      292.000        8722.35
      292.250        8882.94
      292.500        8851.18
      292.750        8925.88
      293.000        9005.88
      293.250        9097.06
      293.500        9327.65
      293.750        9377.65
      294.000        9362.94
      294.500        9645.29
      295.000        9792.94
      295.500        9810.59
      296.000        9961.18
      296.500        10130.0
      297.000        10054.7
      297.500        10698.8
      298.000        10912.4
      298.500        11506.5
      299.000        11174.1
      299.500        11082.9
      300.000        11884.7
      301.000        12538.8
      302.000        13579.4
      303.000        13985.9
      304.000        15074.1
      305.000        16175.3
      306.000        17305.3
      307.000        18347.1
      308.000        19715.3
      309.000        19881.2
      310.000        21141.2
      311.000        22011.8
      312.000        23158.8
      313.000        23685.3
      314.000        24428.2
      315.000        24957.6
      316.000        25820.6
      317.000        26650.0
      318.000        27112.9
      319.000        28168.8
      320.000        29106.5
