% 1d
% 2022_08_31_108_background
%  119
% from stack 2022_08_31_108_background
      280.000        1532.72
      280.500        1401.44
      281.000        1260.11
      281.500        1125.75
      282.000        1029.72
      282.500        994.806
      283.000        876.861
      283.100        810.444
      283.200        754.361
      283.300        731.972
      283.400        670.222
      283.500        626.250
      283.600        588.250
      283.700        556.750
      283.800        528.750
      283.900        513.056
      284.000        486.278
      284.100        472.194
      284.200        454.111
      284.300        440.472
      284.400        436.917
      284.500        418.500
      284.600        433.111
      284.700        452.222
      284.800        480.444
      284.900        511.500
      285.000        545.278
      285.100        586.611
      285.200        610.861
      285.300        625.639
      285.400        623.750
      285.500        628.389
      285.600        638.750
      285.700        629.806
      285.800        624.139
      285.900        625.417
      286.000        613.306
      286.100        587.194
      286.200        580.194
      286.300        583.444
      286.400        567.667
      286.500        547.500
      286.600        531.278
      286.700        512.333
      286.800        484.528
      286.900        484.944
      287.000        472.417
      287.100        461.194
      287.200        441.889
      287.300        430.861
      287.400        415.083
      287.500        401.111
      287.600        406.722
      287.700        387.250
      287.800        363.056
      287.900        356.333
      288.000        350.222
      288.100        350.972
      288.200        337.528
      288.300        345.611
      288.400        353.528
      288.500        363.583
      288.600        356.500
      288.700        355.139
      288.800        362.722
      288.900        359.806
      289.000        372.389
      289.250        370.417
      289.500        369.389
      289.750        398.361
      290.000        423.250
      290.250        460.472
      290.500        503.139
      290.750        519.722
      291.000        531.278
      291.250        552.361
      291.500        579.972
      291.750        596.194
      292.000        619.917
      292.250        634.222
      292.500        638.556
      292.750        670.167
      293.000        709.417
      293.250        703.583
      293.500        715.500
      293.750        727.833
      294.000        757.250
      294.500        800.750
      295.000        836.250
      295.500        825.806
      296.000        846.500
      296.500        847.806
      297.000        891.222
      297.500        951.639
      298.000        987.167
      298.500        1030.11
      299.000        1030.00
      299.500        1041.28
      300.000        1089.11
      301.000        1144.58
      302.000        1258.47
      303.000        1366.53
      304.000        1488.14
      305.000        1623.25
      306.000        1778.42
      307.000        1837.61
      308.000        1941.86
      309.000        2123.61
      310.000        2204.36
      311.000        2405.50
      312.000        2495.00
      313.000        2517.72
      314.000        2590.03
      315.000        2675.33
      316.000        2756.33
      317.000        2814.92
      318.000        2903.56
      319.000        2943.25
      320.000        3014.22
