% 1d
% 2022_05_03_018_background
%  119
% from stack 2022_05_03_018_background
      280.000        19973.0
      280.500        19083.7
      281.000        18255.8
      281.500        17904.0
      282.000        17267.2
      282.500        17039.6
      283.000        17146.4
      283.100        17381.1
      283.200        17486.6
      283.300        17083.1
      283.400        16452.1
      283.500        16220.2
      283.600        16304.0
      283.700        16117.5
      283.800        15888.0
      283.900        15873.0
      284.000        15815.1
      284.100        14904.4
      284.200        13791.9
      284.300        12915.7
      284.400        11781.7
      284.500        11617.5
      284.600        11898.9
      284.700        11455.8
      284.800        11490.9
      284.900        12224.0
      285.000        13019.7
      285.100        13810.6
      285.200        14003.8
      285.300        14486.8
      285.400        14811.6
      285.500        15619.9
      285.600        15827.9
      285.700        15419.9
      285.800        14700.5
      285.900        14570.8
      286.000        14712.6
      286.100        14603.4
      286.200        14782.1
      286.300        14267.7
      286.400        13791.8
      286.500        13561.6
      286.600        13436.6
      286.700        13003.6
      286.800        13135.9
      286.900        12320.5
      287.000        12312.6
      287.100        12220.3
      287.200        12015.2
      287.300        11908.2
      287.400        11667.5
      287.500        10806.9
      287.600        10785.1
      287.700        9969.24
      287.800        9577.24
      287.900        9233.00
      288.000        9665.35
      288.100        9856.24
      288.200        10061.3
      288.300        10014.1
      288.400        9931.82
      288.500        10298.3
      288.600        9821.00
      288.700        9666.94
      288.800        9640.65
      288.900        9391.41
      289.000        9666.47
      289.250        9551.24
      289.500        9074.88
      289.750        8093.71
      290.000        7968.29
      290.250        8103.65
      290.500        8087.71
      290.750        7791.82
      291.000        7792.65
      291.250        7335.12
      291.500        7052.76
      291.750        6741.35
      292.000        6724.76
      292.250        6554.29
      292.500        6413.47
      292.750        6267.71
      293.000        6612.53
      293.250        7012.18
      293.500        7233.18
      293.750        7342.29
      294.000        7748.65
      294.500        7693.47
      295.000        7975.47
      295.500        8046.24
      296.000        8066.41
      296.500        8140.47
      297.000        8379.00
      297.500        8623.47
      298.000        8931.35
      298.500        9562.94
      299.000        10075.8
      299.500        10004.9
      300.000        10677.9
      301.000        10606.3
      302.000        11297.9
      303.000        11435.2
      304.000        12931.0
      305.000        14193.3
      306.000        15050.8
      307.000        15923.5
      308.000        17077.2
      309.000        16977.5
      310.000        18229.4
      311.000        19780.9
      312.000        19867.4
      313.000        21316.9
      314.000        21802.4
      315.000        22680.4
      316.000        23309.4
      317.000        24151.8
      318.000        24779.8
      319.000        24493.3
      320.000        25870.1
