% 1d
% 2022_08_30_092_background
%  119
% from stack 2022_08_30_092_background
      280.000        1778.00
      280.500        1688.13
      281.000        1470.00
      281.500        1289.63
      282.000        1190.38
      282.500        1181.25
      283.000        1007.25
      283.100        926.250
      283.200        887.375
      283.300        814.375
      283.400        782.500
      283.500        738.875
      283.600        695.625
      283.700        673.625
      283.800        665.625
      283.900        630.875
      284.000        616.500
      284.100        602.500
      284.200        595.875
      284.300        574.125
      284.400        572.000
      284.500        583.250
      284.600        614.125
      284.700        645.125
      284.800        684.375
      284.900        708.500
      285.000        768.125
      285.100        806.125
      285.200        822.000
      285.300        856.375
      285.400        861.750
      285.500        880.500
      285.600        839.375
      285.700        834.750
      285.800        835.125
      285.900        806.250
      286.000        780.750
      286.100        788.000
      286.200        753.250
      286.300        744.750
      286.400        733.875
      286.500        710.625
      286.600        687.750
      286.700        661.375
      286.800        619.250
      286.900        609.625
      287.000        598.750
      287.100        585.750
      287.200        551.375
      287.300        538.875
      287.400        520.750
      287.500        511.000
      287.600        488.875
      287.700        473.000
      287.800        441.875
      287.900        431.250
      288.000        431.000
      288.100        436.000
      288.200        433.500
      288.300        435.500
      288.400        436.000
      288.500        439.375
      288.600        441.750
      288.700        441.125
      288.800        452.500
      288.900        445.125
      289.000        444.375
      289.250        449.875
      289.500        473.875
      289.750        472.000
      290.000        519.875
      290.250        555.250
      290.500        583.875
      290.750        615.000
      291.000        646.000
      291.250        655.750
      291.500        672.500
      291.750        707.125
      292.000        721.625
      292.250        726.625
      292.500        765.000
      292.750        766.875
      293.000        777.000
      293.250        806.625
      293.500        821.375
      293.750        844.625
      294.000        855.125
      294.500        896.250
      295.000        927.000
      295.500        958.875
      296.000        949.375
      296.500        961.250
      297.000        1008.00
      297.500        1049.38
      298.000        1107.50
      298.500        1107.13
      299.000        1122.50
      299.500        1140.38
      300.000        1231.63
      301.000        1275.25
      302.000        1394.50
      303.000        1511.88
      304.000        1664.13
      305.000        1768.00
      306.000        1872.38
      307.000        2023.25
      308.000        2170.00
      309.000        2461.25
      310.000        2587.25
      311.000        2703.75
      312.000        2784.00
      313.000        2838.00
      314.000        2910.50
      315.000        2905.63
      316.000        2989.75
      317.000        3002.50
      318.000        3056.38
      319.000        3147.00
      320.000        3193.00
