% 1d
% 2022_04_30_076_background
%  119
% from stack 2022_04_30_076_background
      280.000        25163.6
      280.500        24719.7
      281.000        23929.1
      281.500        23828.8
      282.000        23447.2
      282.500        23186.7
      283.000        22926.3
      283.100        22895.3
      283.200        22956.7
      283.300        22552.9
      283.400        22701.7
      283.500        22613.6
      283.600        22343.4
      283.700        22342.8
      283.800        21909.1
      283.900        21360.3
      284.000        20276.9
      284.100        19623.4
      284.200        18694.7
      284.300        17809.5
      284.400        17060.4
      284.500        16025.2
      284.600        15891.7
      284.700        15626.9
      284.800        16358.0
      284.900        17215.6
      285.000        18125.4
      285.100        19631.0
      285.200        20470.3
      285.300        20870.0
      285.400        21605.6
      285.500        21924.2
      285.600        22065.9
      285.700        22028.2
      285.800        21957.6
      285.900        21479.7
      286.000        21055.5
      286.100        21089.1
      286.200        21007.3
      286.300        20929.0
      286.400        20497.8
      286.500        19944.1
      286.600        19437.1
      286.700        18713.3
      286.800        17997.8
      286.900        16983.2
      287.000        16582.2
      287.100        16245.6
      287.200        15978.8
      287.300        15563.8
      287.400        15025.8
      287.500        14404.2
      287.600        14198.5
      287.700        13834.4
      287.800        13275.9
      287.900        12834.3
      288.000        12605.2
      288.100        12165.3
      288.200        12371.6
      288.300        12491.8
      288.400        12575.8
      288.500        12662.7
      288.600        12497.3
      288.700        12346.0
      288.800        12236.4
      288.900        11982.6
      289.000        11772.7
      289.250        11179.4
      289.500        10707.9
      289.750        10041.8
      290.000        9844.61
      290.250        9578.06
      290.500        9418.33
      290.750        9154.89
      291.000        8960.33
      291.250        8786.56
      291.500        8787.56
      291.750        8809.89
      292.000        8792.78
      292.250        8749.83
      292.500        8777.94
      292.750        8798.61
      293.000        8807.06
      293.250        8893.94
      293.500        8973.11
      293.750        9001.89
      294.000        9118.78
      294.500        9272.28
      295.000        9424.72
      295.500        9343.50
      296.000        9318.00
      296.500        9549.61
      297.000        9453.33
      297.500        9977.39
      298.000        10226.2
      298.500        10293.5
      299.000        10398.4
      299.500        10235.6
      300.000        10849.3
      301.000        11471.9
      302.000        13419.3
      303.000        13041.6
      304.000        13836.8
      305.000        14717.1
      306.000        15477.1
      307.000        16816.1
      308.000        17777.1
      309.000        18565.1
      310.000        19471.9
      311.000        20176.8
      312.000        21031.9
      313.000        21750.1
      314.000        22429.4
      315.000        23033.6
      316.000        25431.4
      317.000        24384.6
      318.000        25355.2
      319.000        25994.9
      320.000        27068.8
