% 1d
% 2022_05_01_051_background
%  119
% from stack 2022_05_01_051_background
      280.000        23632.3
      280.500        23152.6
      281.000        22952.8
      281.500        22464.8
      282.000        21850.5
      282.500        21413.7
      283.000        21500.4
      283.100        21468.7
      283.200        21480.3
      283.300        21516.7
      283.400        21434.2
      283.500        20813.1
      283.600        20363.9
      283.700        20602.7
      283.800        20254.4
      283.900        20050.5
      284.000        19691.6
      284.100        18999.6
      284.200        17747.6
      284.300        16458.9
      284.400        15068.2
      284.500        13496.5
      284.600        12757.8
      284.700        12851.4
      284.800        13138.5
      284.900        13464.3
      285.000        13706.5
      285.100        14787.0
      285.200        15802.4
      285.300        16932.9
      285.400        17871.6
      285.500        18453.4
      285.600        19064.2
      285.700        19371.4
      285.800        19183.1
      285.900        18413.1
      286.000        17944.4
      286.100        17729.1
      286.200        17570.1
      286.300        17048.9
      286.400        16235.0
      286.500        15816.9
      286.600        15243.4
      286.700        14540.4
      286.800        13837.2
      286.900        13594.6
      287.000        13623.7
      287.100        13394.0
      287.200        13096.0
      287.300        12838.1
      287.400        12633.9
      287.500        12600.1
      287.600        12374.5
      287.700        12194.2
      287.800        11981.1
      287.900        11705.2
      288.000        11286.8
      288.100        11101.5
      288.200        11180.6
      288.300        11154.0
      288.400        11240.9
      288.500        11145.8
      288.600        11053.2
      288.700        10792.1
      288.800        10492.5
      288.900        10477.6
      289.000        10385.6
      289.250        9927.53
      289.500        9471.82
      289.750        8926.18
      290.000        8757.29
      290.250        8376.18
      290.500        8097.94
      290.750        8041.00
      291.000        8103.53
      291.250        8089.53
      291.500        7930.06
      291.750        7809.82
      292.000        7906.00
      292.250        7889.65
      292.500        7934.94
      292.750        7890.12
      293.000        7957.35
      293.250        8134.41
      293.500        8268.00
      293.750        8306.88
      294.000        8381.24
      294.500        8525.12
      295.000        8688.53
      295.500        8443.41
      296.000        8737.06
      296.500        8785.35
      297.000        8804.76
      297.500        9144.65
      298.000        9163.47
      298.500        9486.41
      299.000        9526.65
      299.500        9609.88
      300.000        10131.6
      301.000        10677.8
      302.000        11312.5
      303.000        11926.4
      304.000        12535.1
      305.000        13503.8
      306.000        14506.2
      307.000        15453.8
      308.000        17151.3
      309.000        16766.6
      310.000        17920.8
      311.000        18570.9
      312.000        19109.6
      313.000        19760.9
      314.000        20290.5
      315.000        21105.1
      316.000        22444.1
      317.000        22127.5
      318.000        22677.9
      319.000        23242.4
      320.000        23975.5
