% 1d
% 2022_05_01_110_background
%  119
% from stack 2022_05_01_110_background
      280.000        24188.3
      280.500        23937.8
      281.000        23457.3
      281.500        22947.2
      282.000        22683.2
      282.500        21754.8
      283.000        21546.0
      283.100        20822.1
      283.200        20883.0
      283.300        20827.3
      283.400        21292.2
      283.500        21578.6
      283.600        21345.6
      283.700        21470.2
      283.800        21564.6
      283.900        21155.0
      284.000        20736.6
      284.100        20043.5
      284.200        19198.7
      284.300        17994.0
      284.400        16752.3
      284.500        15547.0
      284.600        14540.2
      284.700        14502.3
      284.800        15065.5
      284.900        15836.8
      285.000        16600.1
      285.100        17561.8
      285.200        18696.1
      285.300        19785.1
      285.400        20296.3
      285.500        20486.8
      285.600        20803.4
      285.700        20891.6
      285.800        20857.9
      285.900        20573.9
      286.000        20169.2
      286.100        19780.6
      286.200        19432.9
      286.300        19182.8
      286.400        18531.1
      286.500        18070.9
      286.600        17707.1
      286.700        17063.2
      286.800        16630.9
      286.900        15820.7
      287.000        15551.6
      287.100        15010.2
      287.200        14842.9
      287.300        14861.2
      287.400        14690.9
      287.500        14177.3
      287.600        13941.3
      287.700        13578.2
      287.800        13052.9
      287.900        12795.1
      288.000        12543.3
      288.100        12299.1
      288.200        12351.6
      288.300        12403.5
      288.400        12472.9
      288.500        12488.3
      288.600        12209.0
      288.700        12114.3
      288.800        12126.6
      288.900        11932.9
      289.000        11694.5
      289.250        11341.0
      289.500        10801.5
      289.750        10169.1
      290.000        9853.78
      290.250        9828.28
      290.500        9657.19
      290.750        9394.50
      291.000        9218.84
      291.250        8919.09
      291.500        9013.44
      291.750        8837.16
      292.000        8868.53
      292.250        9018.63
      292.500        8839.97
      292.750        8838.69
      293.000        8965.97
      293.250        9064.81
      293.500        9150.44
      293.750        9302.19
      294.000        9326.25
      294.500        9551.94
      295.000        9551.63
      295.500        9793.81
      296.000        9812.41
      296.500        9548.91
      297.000        9718.00
      297.500        10312.8
      298.000        10598.5
      298.500        10508.7
      299.000        10509.9
      299.500        10404.4
      300.000        10839.0
      301.000        11490.3
      302.000        12169.7
      303.000        13178.2
      304.000        13972.9
      305.000        14800.7
      306.000        15712.1
      307.000        16583.2
      308.000        17829.2
      309.000        18932.7
      310.000        19821.9
      311.000        20679.3
      312.000        21292.9
      313.000        21933.9
      314.000        22804.2
      315.000        23548.8
      316.000        24281.5
      317.000        25024.3
      318.000        25805.8
      319.000        26513.4
      320.000        26925.0
