% 1d
% 2022_05_30_239_background
%  119
% from stack 2022_05_30_239_background
      280.000        30809.7
      280.500        30003.9
      281.000        29346.6
      281.500        28935.3
      282.000        28368.4
      282.500        28056.8
      283.000        27724.5
      283.100        27344.2
      283.200        27512.1
      283.300        27275.0
      283.400        27190.3
      283.500        27113.7
      283.600        27029.2
      283.700        27260.5
      283.800        27205.8
      283.900        26984.7
      284.000        26540.3
      284.100        26202.4
      284.200        25546.8
      284.300        24685.8
      284.400        24014.7
      284.500        23750.5
      284.600        23883.4
      284.700        24208.2
      284.800        24606.3
      284.900        25118.4
      285.000        25871.8
      285.100        26662.6
      285.200        27147.6
      285.300        27772.4
      285.400        28069.2
      285.500        28439.5
      285.600        28542.4
      285.700        28472.6
      285.800        28445.8
      285.900        27959.7
      286.000        27992.6
      286.100        27672.1
      286.200        27257.6
      286.300        26413.7
      286.400        26076.3
      286.500        25482.6
      286.600        24833.4
      286.700        24097.9
      286.800        23629.7
      286.900        23225.0
      287.000        22954.2
      287.100        22506.8
      287.200        21939.7
      287.300        21509.7
      287.400        21290.8
      287.500        21037.4
      287.600        20642.6
      287.700        20154.5
      287.800        19209.2
      287.900        18535.3
      288.000        18074.5
      288.100        18027.1
      288.200        18064.7
      288.300        17569.2
      288.400        17927.6
      288.500        17499.7
      288.600        17443.2
      288.700        17267.4
      288.800        17047.6
      288.900        16769.5
      289.000        16508.4
      289.250        16113.9
      289.500        15384.7
      289.750        14451.6
      290.000        14305.0
      290.250        14158.9
      290.500        13622.9
      290.750        13512.1
      291.000        13176.8
      291.250        13152.9
      291.500        13080.5
      291.750        12973.9
      292.000        12988.9
      292.250        12987.6
      292.500        12892.4
      292.750        12840.5
      293.000        12908.7
      293.250        12992.4
      293.500        13007.1
      293.750        13121.3
      294.000        13067.4
      294.500        13177.9
      295.000        13367.1
      295.500        13514.5
      296.000        13475.3
      296.500        13115.0
      297.000        13302.9
      297.500        13762.9
      298.000        14110.8
      298.500        14104.2
      299.000        14070.5
      299.500        13830.5
      300.000        14540.0
      301.000        15452.9
      302.000        20931.1
      303.000        17718.7
      304.000        22992.4
      305.000        19921.1
      306.000        21657.6
      307.000        23145.3
      308.000        29360.0
      309.000        24916.6
      310.000        25648.4
      311.000        26218.2
      312.000        27434.7
      313.000        28136.3
      314.000        28766.8
      315.000        29145.3
      316.000        30383.7
      317.000        31167.1
      318.000        31724.2
      319.000        32443.2
      320.000        33539.5
