% 1d
% 2022_05_01_174_background
%  119
% from stack 2022_05_01_174_background
      280.000        25115.0
      280.500        24625.0
      281.000        24203.8
      281.500        23938.7
      282.000        23457.4
      282.500        23200.4
      283.000        22911.2
      283.100        23006.9
      283.200        23008.0
      283.300        22876.3
      283.400        22830.4
      283.500        22840.1
      283.600        22688.8
      283.700        22224.8
      283.800        21821.9
      283.900        21291.6
      284.000        20726.6
      284.100        19983.9
      284.200        18923.0
      284.300        17583.7
      284.400        16529.5
      284.500        15837.3
      284.600        16053.1
      284.700        16355.4
      284.800        16900.1
      284.900        17614.1
      285.000        18424.2
      285.100        19340.4
      285.200        20275.1
      285.300        20993.9
      285.400        21473.7
      285.500        21830.9
      285.600        21979.6
      285.700        21936.4
      285.800        21540.4
      285.900        21246.7
      286.000        21005.9
      286.100        20894.6
      286.200        20709.8
      286.300        20589.8
      286.400        20151.9
      286.500        19530.0
      286.600        18746.3
      286.700        18156.7
      286.800        17446.6
      286.900        16907.0
      287.000        16419.4
      287.100        16082.4
      287.200        15923.9
      287.300        15582.5
      287.400        15242.8
      287.500        14845.7
      287.600        14508.2
      287.700        14154.6
      287.800        13691.4
      287.900        13409.0
      288.000        13135.1
      288.100        13052.9
      288.200        13045.9
      288.300        13114.4
      288.400        13036.6
      288.500        12973.6
      288.600        12855.1
      288.700        12702.9
      288.800        12281.0
      288.900        12176.2
      289.000        11892.0
      289.250        11336.2
      289.500        11055.7
      289.750        10593.2
      290.000        10480.3
      290.250        10212.6
      290.500        10044.3
      290.750        9816.00
      291.000        9661.71
      291.250        9525.71
      291.500        9366.21
      291.750        9309.71
      292.000        9309.14
      292.250        9317.14
      292.500        9347.29
      292.750        9393.14
      293.000        9430.50
      293.250        9444.57
      293.500        9612.07
      293.750        9632.64
      294.000        9710.71
      294.500        9917.07
      295.000        10058.3
      295.500        10059.5
      296.000        10229.1
      296.500        10088.6
      297.000        10337.0
      297.500        10779.3
      298.000        10962.2
      298.500        11025.3
      299.000        10957.6
      299.500        11066.9
      300.000        11688.7
      301.000        12284.6
      302.000        12989.5
      303.000        13644.1
      304.000        14484.9
      305.000        15415.8
      306.000        16603.3
      307.000        17694.5
      308.000        18642.4
      309.000        21389.7
      310.000        20408.4
      311.000        21175.2
      312.000        21906.1
      313.000        22607.6
      314.000        23326.6
      315.000        23943.5
      316.000        24683.0
      317.000        25314.4
      318.000        28112.8
      319.000        26531.8
      320.000        27340.4
