% 1d
% 2022_05_03_037_background
%  119
% from stack 2022_05_03_037_background
      280.000        22183.8
      280.500        22190.6
      281.000        21474.9
      281.500        21128.6
      282.000        20524.1
      282.500        20350.3
      283.000        20379.9
      283.100        20396.3
      283.200        19926.9
      283.300        19729.3
      283.400        19939.8
      283.500        19771.9
      283.600        19459.4
      283.700        19439.0
      283.800        19317.5
      283.900        19014.9
      284.000        18647.0
      284.100        18054.4
      284.200        17003.8
      284.300        15783.8
      284.400        14585.5
      284.500        13610.8
      284.600        13484.1
      284.700        13937.5
      284.800        14270.5
      284.900        15120.7
      285.000        15883.4
      285.100        16687.1
      285.200        17430.7
      285.300        18073.3
      285.400        18677.8
      285.500        18938.9
      285.600        19214.7
      285.700        19128.8
      285.800        18931.1
      285.900        18331.8
      286.000        18270.9
      286.100        18536.6
      286.200        18538.4
      286.300        18329.3
      286.400        17671.9
      286.500        16793.5
      286.600        16395.6
      286.700        15906.8
      286.800        14994.5
      286.900        14635.8
      287.000        14312.8
      287.100        14049.3
      287.200        13583.6
      287.300        13440.9
      287.400        13339.5
      287.500        12812.2
      287.600        12552.7
      287.700        12133.5
      287.800        11803.8
      287.900        11523.9
      288.000        11621.7
      288.100        11563.5
      288.200        11220.0
      288.300        11118.7
      288.400        10943.8
      288.500        10783.3
      288.600        11040.2
      288.700        11081.0
      288.800        10991.9
      288.900        10736.2
      289.000        10578.3
      289.250        10130.8
      289.500        9691.70
      289.750        9120.50
      290.000        8947.50
      290.250        8722.60
      290.500        8371.35
      290.750        8260.25
      291.000        8233.15
      291.250        7968.45
      291.500        8063.00
      291.750        7889.75
      292.000        7939.00
      292.250        7915.95
      292.500        8014.55
      292.750        7916.00
      293.000        8004.20
      293.250        8128.35
      293.500        8223.85
      293.750        8088.75
      294.000        8205.85
      294.500        8423.45
      295.000        8423.55
      295.500        8646.95
      296.000        8701.95
      296.500        8446.00
      297.000        8651.10
      297.500        9133.95
      298.000        9434.65
      298.500        9342.05
      299.000        9381.05
      299.500        9531.70
      300.000        9995.90
      301.000        10730.0
      302.000        11472.1
      303.000        12208.0
      304.000        13327.9
      305.000        13711.6
      306.000        14710.3
      307.000        15476.0
      308.000        16078.8
      309.000        16845.4
      310.000        17923.3
      311.000        19459.7
      312.000        19629.7
      313.000        19800.9
      314.000        20429.8
      315.000        20771.9
      316.000        21151.2
      317.000        21723.1
      318.000        22391.2
      319.000        22716.0
      320.000        22823.2
