% 1d
% 2022_09_01_104_background
%  119
% from stack 2022_09_01_104_background
      280.000        1553.44
      280.500        1409.88
      281.000        1255.44
      281.500        1059.31
      282.000        998.063
      282.500        966.875
      283.000        877.188
      283.100        822.938
      283.200        777.063
      283.300        726.000
      283.400        692.063
      283.500        647.938
      283.600        612.875
      283.700        568.438
      283.800        541.688
      283.900        518.625
      284.000        487.000
      284.100        467.563
      284.200        444.313
      284.300        442.938
      284.400        424.875
      284.500        448.500
      284.600        459.625
      284.700        461.125
      284.800        489.625
      284.900        523.063
      285.000        565.125
      285.100        603.063
      285.200        621.313
      285.300        629.000
      285.400        636.688
      285.500        657.063
      285.600        669.313
      285.700        639.188
      285.800        652.625
      285.900        629.250
      286.000        609.250
      286.100        599.563
      286.200        608.313
      286.300        591.938
      286.400        577.063
      286.500        573.250
      286.600        572.875
      286.700        525.875
      286.800        498.313
      286.900        467.250
      287.000        481.938
      287.100        459.875
      287.200        463.250
      287.300        438.688
      287.400        413.125
      287.500        398.438
      287.600        375.625
      287.700        344.438
      287.800        338.563
      287.900        328.500
      288.000        313.688
      288.100        326.500
      288.200        323.375
      288.300        336.563
      288.400        331.875
      288.500        323.563
      288.600        329.750
      288.700        322.875
      288.800        328.438
      288.900        336.063
      289.000        336.938
      289.250        326.875
      289.500        347.438
      289.750        346.438
      290.000        386.063
      290.250        409.375
      290.500        432.313
      290.750        445.438
      291.000        456.313
      291.250        504.938
      291.500        510.938
      291.750        510.688
      292.000        531.813
      292.250        561.625
      292.500        577.063
      292.750        577.625
      293.000        594.688
      293.250        614.375
      293.500        622.750
      293.750        642.688
      294.000        658.000
      294.500        657.875
      295.000        681.313
      295.500        707.875
      296.000        729.750
      296.500        741.313
      297.000        768.563
      297.500        814.000
      298.000        858.688
      298.500        884.563
      299.000        896.313
      299.500        897.875
      300.000        910.875
      301.000        1004.19
      302.000        1071.56
      303.000        1181.94
      304.000        1264.56
      305.000        1375.06
      306.000        1515.63
      307.000        1633.38
      308.000        1795.94
      309.000        1894.50
      310.000        1968.25
      311.000        2046.50
      312.000        2129.50
      313.000        2331.06
      314.000        2295.56
      315.000        2303.94
      316.000        2368.94
      317.000        2394.38
      318.000        2426.44
      319.000        2461.13
      320.000        2575.38
