% 1d
% 2022_05_30_207_background
%  119
% from stack 2022_05_30_207_background
      280.000        22553.8
      280.500        23360.0
      281.000        22520.0
      281.500        23479.4
      282.000        22448.8
      282.500        22206.6
      283.000        21848.8
      283.100        20570.0
      283.200        20428.1
      283.300        19965.0
      283.400        20500.0
      283.500        21028.1
      283.600        21809.1
      283.700        21310.3
      283.800        20245.9
      283.900        19766.9
      284.000        20072.5
      284.100        19760.3
      284.200        18380.6
      284.300        18680.3
      284.400        18147.2
      284.500        17365.9
      284.600        17503.4
      284.700        18104.1
      284.800        18873.1
      284.900        19303.4
      285.000        19216.9
      285.100        18914.4
      285.200        19298.8
      285.300        20233.4
      285.400        20770.0
      285.500        21308.1
      285.600        21540.0
      285.700        21639.1
      285.800        21315.9
      285.900        19850.0
      286.000        20772.5
      286.100        20878.4
      286.200        20511.3
      286.300        20345.0
      286.400        20430.6
      286.500        20404.1
      286.600        20006.6
      286.700        19931.6
      286.800        19377.2
      286.900        18979.1
      287.000        18165.3
      287.100        17707.8
      287.200        17579.4
      287.300        16841.6
      287.400        16760.9
      287.500        16475.3
      287.600        15996.3
      287.700        15803.8
      287.800        15715.6
      287.900        15332.2
      288.000        15090.3
      288.100        14770.0
      288.200        14907.2
      288.300        14592.2
      288.400        14917.2
      288.500        15212.2
      288.600        15373.8
      288.700        15150.6
      288.800        15579.4
      288.900        15970.9
      289.000        15465.0
      289.250        15115.0
      289.500        14116.6
      289.750        13136.9
      290.000        13251.6
      290.250        13528.8
      290.500        13513.8
      290.750        13556.3
      291.000        13538.1
      291.250        13458.1
      291.500        13401.3
      291.750        13547.2
      292.000        13588.8
      292.250        12730.9
      292.500        13054.4
      292.750        13107.5
      293.000        13732.2
      293.250        13558.4
      293.500        13368.1
      293.750        13239.7
      294.000        13507.5
      294.500        13906.3
      295.000        14052.5
      295.500        13736.9
      296.000        13755.0
      296.500        13702.8
      297.000        14046.9
      297.500        14942.5
      298.000        15480.3
      298.500        14897.5
      299.000        15479.4
      299.500        14794.7
      300.000        15107.5
      301.000        15580.3
      302.000        16544.1
      303.000        17442.8
      304.000        19468.8
      305.000        21430.6
      306.000        22802.5
      307.000        23752.5
      308.000        24500.3
      309.000        25003.1
      310.000        26098.4
      311.000        27567.2
      312.000        27343.1
      313.000        28910.0
      314.000        29790.0
      315.000        28787.5
      316.000        27408.8
      317.000        28396.9
      318.000        30356.3
      319.000        31329.7
      320.000        32516.9
