% 1d
% 2022_05_01_077_background
%  119
% from stack 2022_05_01_077_background
      280.000        25255.1
      280.500        24726.0
      281.000        23955.7
      281.500        23310.6
      282.000        23166.0
      282.500        23102.1
      283.000        22939.4
      283.100        22677.9
      283.200        22755.1
      283.300        22570.6
      283.400        22530.9
      283.500        22455.1
      283.600        22290.4
      283.700        22203.8
      283.800        22224.7
      283.900        21903.6
      284.000        21373.8
      284.100        20576.0
      284.200        19520.2
      284.300        18603.6
      284.400        17432.8
      284.500        15988.7
      284.600        15306.8
      284.700        15479.4
      284.800        15940.0
      284.900        16298.7
      285.000        17030.0
      285.100        18087.0
      285.200        19061.7
      285.300        20025.7
      285.400        20854.0
      285.500        21393.6
      285.600        21714.5
      285.700        21957.9
      285.800        21924.3
      285.900        21474.3
      286.000        20949.6
      286.100        20703.4
      286.200        20379.8
      286.300        20142.6
      286.400        19600.2
      286.500        18897.2
      286.600        18328.9
      286.700        17917.4
      286.800        17500.2
      286.900        16847.4
      287.000        16321.9
      287.100        15932.6
      287.200        15629.6
      287.300        15227.0
      287.400        14916.2
      287.500        14643.2
      287.600        14355.5
      287.700        13856.0
      287.800        13365.1
      287.900        12928.5
      288.000        12707.0
      288.100        12466.8
      288.200        12466.0
      288.300        12467.0
      288.400        12603.8
      288.500        12526.2
      288.600        12250.2
      288.700        12291.1
      288.800        11918.5
      288.900        11793.0
      289.000        11746.6
      289.250        11420.4
      289.500        10984.9
      289.750        10371.1
      290.000        10043.6
      290.250        9906.60
      290.500        9674.68
      290.750        9270.85
      291.000        9032.13
      291.250        8723.62
      291.500        8731.70
      291.750        8839.79
      292.000        8961.28
      292.250        8973.19
      292.500        9026.17
      292.750        9088.51
      293.000        9155.53
      293.250        9205.75
      293.500        9172.77
      293.750        9365.32
      294.000        9469.15
      294.500        9534.25
      295.000        9673.83
      295.500        9865.96
      296.000        9868.30
      296.500        9802.55
      297.000        9956.38
      297.500        10426.8
      298.000        10684.3
      298.500        10685.3
      299.000        10577.9
      299.500        10712.8
      300.000        11374.9
      301.000        12138.1
      302.000        12901.1
      303.000        13830.9
      304.000        14544.3
      305.000        15331.1
      306.000        16357.4
      307.000        19422.6
      308.000        18810.9
      309.000        19722.6
      310.000        19617.0
      311.000        20792.6
      312.000        21765.3
      313.000        22921.7
      314.000        23522.1
      315.000        24368.5
      316.000        25188.1
      317.000        26124.0
      318.000        28703.8
      319.000        27727.7
      320.000        28498.3
