% 1d
% 2022_09_01_017_background
%  119
% from stack 2022_09_01_017_background
      280.000        1248.14
      280.500        1169.00
      281.000        1051.43
      281.500        982.929
      282.000        937.929
      282.500        907.857
      283.000        803.714
      283.100        743.429
      283.200        707.929
      283.300        642.857
      283.400        601.571
      283.500        563.643
      283.600        522.429
      283.700        497.571
      283.800        480.143
      283.900        463.071
      284.000        456.071
      284.100        428.071
      284.200        424.857
      284.300        404.500
      284.400        385.500
      284.500        384.714
      284.600        404.714
      284.700        413.000
      284.800        439.214
      284.900        466.429
      285.000        489.929
      285.100        521.714
      285.200        535.714
      285.300        548.500
      285.400        550.786
      285.500        556.000
      285.600        550.786
      285.700        528.429
      285.800        516.786
      285.900        508.643
      286.000        504.357
      286.100        498.000
      286.200        481.714
      286.300        462.143
      286.400        456.214
      286.500        459.643
      286.600        449.286
      286.700        434.714
      286.800        422.786
      286.900        410.071
      287.000        408.071
      287.100        384.786
      287.200        371.357
      287.300        373.000
      287.400        347.143
      287.500        348.571
      287.600        333.357
      287.700        318.786
      287.800        310.429
      287.900        303.000
      288.000        292.286
      288.100        304.643
      288.200        299.071
      288.300        308.929
      288.400        304.143
      288.500        305.071
      288.600        306.000
      288.700        308.571
      288.800        311.643
      288.900        312.786
      289.000        312.143
      289.250        323.286
      289.500        328.071
      289.750        342.714
      290.000        364.000
      290.250        394.429
      290.500        417.214
      290.750        449.214
      291.000        461.786
      291.250        475.786
      291.500        485.071
      291.750        506.857
      292.000        517.286
      292.250        553.357
      292.500        567.286
      292.750        582.714
      293.000        602.857
      293.250        602.071
      293.500        611.286
      293.750        653.286
      294.000        659.500
      294.500        680.500
      295.000        703.214
      295.500        701.500
      296.000        731.286
      296.500        753.714
      297.000        784.214
      297.500        828.357
      298.000        846.143
      298.500        849.000
      299.000        870.214
      299.500        899.429
      300.000        944.214
      301.000        1033.86
      302.000        1091.36
      303.000        1174.50
      304.000        1264.14
      305.000        1376.71
      306.000        1483.43
      307.000        1588.14
      308.000        1727.21
      309.000        1846.79
      310.000        1937.07
      311.000        2075.57
      312.000        2206.21
      313.000        2265.71
      314.000        2344.57
      315.000        2345.93
      316.000        2505.00
      317.000        2467.79
      318.000        2562.71
      319.000        2643.21
      320.000        2698.00
