% 1d
% 2022_08_31_186_background
%  119
% from stack 2022_08_31_186_background
      280.000        1476.50
      280.500        1386.83
      281.000        1158.67
      281.500        1050.83
      282.000        970.667
      282.500        952.167
      283.000        835.833
      283.100        798.833
      283.200        709.000
      283.300        688.500
      283.400        653.333
      283.500        614.667
      283.600        551.500
      283.700        539.833
      283.800        503.333
      283.900        499.000
      284.000        472.333
      284.100        446.333
      284.200        454.667
      284.300        439.833
      284.400        442.000
      284.500        447.833
      284.600        452.000
      284.700        465.667
      284.800        502.333
      284.900        558.333
      285.000        582.000
      285.100        595.167
      285.200        599.833
      285.300        647.167
      285.400        627.333
      285.500        638.833
      285.600        632.833
      285.700        608.000
      285.800        582.500
      285.900        586.667
      286.000        553.667
      286.100        531.167
      286.200        515.333
      286.300        530.167
      286.400        505.167
      286.500        494.833
      286.600        502.833
      286.700        496.667
      286.800        482.167
      286.900        435.667
      287.000        447.167
      287.100        445.000
      287.200        427.333
      287.300        430.833
      287.400        401.833
      287.500        389.333
      287.600        369.333
      287.700        361.000
      287.800        357.833
      287.900        332.667
      288.000        342.333
      288.100        339.833
      288.200        340.667
      288.300        339.167
      288.400        352.667
      288.500        345.333
      288.600        365.667
      288.700        352.333
      288.800        382.833
      288.900        369.833
      289.000        363.667
      289.250        377.167
      289.500        389.500
      289.750        422.833
      290.000        454.000
      290.250        486.000
      290.500        512.167
      290.750        548.000
      291.000        552.667
      291.250        562.500
      291.500        573.833
      291.750        626.000
      292.000        620.000
      292.250        639.833
      292.500        663.833
      292.750        685.333
      293.000        711.667
      293.250        726.667
      293.500        745.000
      293.750        768.833
      294.000        766.000
      294.500        812.167
      295.000        839.500
      295.500        875.000
      296.000        856.000
      296.500        881.667
      297.000        895.667
      297.500        968.833
      298.000        1004.33
      298.500        991.667
      299.000        1042.67
      299.500        1042.00
      300.000        1126.83
      301.000        1202.00
      302.000        1260.83
      303.000        1380.67
      304.000        1420.67
      305.000        1551.67
      306.000        1691.67
      307.000        1834.50
      308.000        1951.83
      309.000        2276.17
      310.000        2355.67
      311.000        2438.33
      312.000        2489.00
      313.000        2575.33
      314.000        2611.17
      315.000        2706.50
      316.000        2770.17
      317.000        2801.17
      318.000        2845.33
      319.000        2980.50
      320.000        2990.17
