% 1d
% 2022_05_02_101_background
%  119
% from stack 2022_05_02_101_background
      280.000        22440.0
      280.500        21813.5
      281.000        21471.8
      281.500        20788.2
      282.000        20832.4
      282.500        21011.2
      283.000        20667.6
      283.100        20492.9
      283.200        20703.5
      283.300        20307.6
      283.400        20128.2
      283.500        20885.9
      283.600        21190.6
      283.700        21002.4
      283.800        20622.4
      283.900        20258.2
      284.000        19007.1
      284.100        18397.6
      284.200        17560.6
      284.300        16712.4
      284.400        15755.9
      284.500        15098.2
      284.600        14859.4
      284.700        15061.2
      284.800        15610.0
      284.900        16327.6
      285.000        17405.9
      285.100        18301.8
      285.200        19056.5
      285.300        19398.2
      285.400        19580.6
      285.500        19564.7
      285.600        19803.5
      285.700        19894.1
      285.800        19607.6
      285.900        18905.9
      286.000        18992.9
      286.100        19131.8
      286.200        19026.5
      286.300        18630.0
      286.400        18144.1
      286.500        18302.9
      286.600        17838.2
      286.700        17313.5
      286.800        16839.4
      286.900        16191.2
      287.000        15841.2
      287.100        15520.0
      287.200        15202.9
      287.300        15075.3
      287.400        14760.6
      287.500        14582.4
      287.600        14376.5
      287.700        13921.2
      287.800        13478.2
      287.900        13422.9
      288.000        13255.3
      288.100        13138.8
      288.200        13211.8
      288.300        13436.5
      288.400        13507.6
      288.500        13481.2
      288.600        13434.1
      288.700        13242.9
      288.800        13097.1
      288.900        12900.0
      289.000        12727.1
      289.250        12314.7
      289.500        11782.4
      289.750        11191.2
      290.000        11104.7
      290.250        11051.2
      290.500        10874.1
      290.750        10650.6
      291.000        10474.7
      291.250        10249.4
      291.500        10121.8
      291.750        10145.3
      292.000        10203.5
      292.250        10261.8
      292.500        10220.6
      292.750        10311.8
      293.000        10462.9
      293.250        10612.9
      293.500        10769.4
      293.750        10981.2
      294.000        11060.6
      294.500        11227.6
      295.000        11276.5
      295.500        11241.2
      296.000        11338.8
      296.500        11071.2
      297.000        11517.6
      297.500        12092.4
      298.000        12420.6
      298.500        12292.9
      299.000        12132.4
      299.500        12113.5
      300.000        12664.7
      301.000        13569.4
      302.000        14238.2
      303.000        14829.4
      304.000        15799.4
      305.000        16788.2
      306.000        16917.6
      307.000        18020.0
      308.000        18577.1
      309.000        19441.8
      310.000        20539.4
      311.000        21923.5
      312.000        23252.4
      313.000        23957.6
      314.000        24894.1
      315.000        25048.8
      316.000        26311.2
      317.000        26911.2
      318.000        27651.8
      319.000        28585.9
      320.000        29584.7
