% 1d
% 2022_08_31_067_background
%  119
% from stack 2022_08_31_067_background
      280.000        1780.20
      280.500        1579.50
      281.000        1432.40
      281.500        1256.20
      282.000        1086.30
      282.500        1052.20
      283.000        911.300
      283.100        881.100
      283.200        824.200
      283.300        801.100
      283.400        729.300
      283.500        691.800
      283.600        634.000
      283.700        628.400
      283.800        572.200
      283.900        561.100
      284.000        537.700
      284.100        502.500
      284.200        472.700
      284.300        444.400
      284.400        415.400
      284.500        434.400
      284.600        438.300
      284.700        471.700
      284.800        489.900
      284.900        529.300
      285.000        557.600
      285.100        600.000
      285.200        641.300
      285.300        657.100
      285.400        689.800
      285.500        692.400
      285.600        685.300
      285.700        678.700
      285.800        666.300
      285.900        644.300
      286.000        712.200
      286.100        638.800
      286.200        619.000
      286.300        600.200
      286.400        573.300
      286.500        551.000
      286.600        516.100
      286.700        492.300
      286.800        474.000
      286.900        446.100
      287.000        457.100
      287.100        432.100
      287.200        414.100
      287.300        421.000
      287.400        381.200
      287.500        379.300
      287.600        370.600
      287.700        363.900
      287.800        361.800
      287.900        331.700
      288.000        316.900
      288.100        386.200
      288.200        314.900
      288.300        311.100
      288.400        322.700
      288.500        338.000
      288.600        335.700
      288.700        327.300
      288.800        331.600
      288.900        315.300
      289.000        324.900
      289.250        340.500
      289.500        413.500
      289.750        363.000
      290.000        388.800
      290.250        426.600
      290.500        436.600
      290.750        532.100
      291.000        468.200
      291.250        499.300
      291.500        518.100
      291.750        538.600
      292.000        549.000
      292.250        576.700
      292.500        585.500
      292.750        598.300
      293.000        624.200
      293.250        623.200
      293.500        781.200
      293.750        674.700
      294.000        686.800
      294.500        718.800
      295.000        736.500
      295.500        896.000
      296.000        930.600
      296.500        773.800
      297.000        818.900
      297.500        1012.50
      298.000        882.000
      298.500        898.300
      299.000        1105.80
      299.500        916.200
      300.000        1153.70
      301.000        1241.30
      302.000        770.900
      303.000        1435.90
      304.000        1276.50
      305.000        1405.00
      306.000        1742.00
      307.000        1920.60
      308.000        1728.10
      309.000        2190.60
      310.000        2326.70
      311.000        2036.40
      312.000        2052.70
      313.000        2106.20
      314.000        2159.40
      315.000        2697.60
      316.000        2300.80
      317.000        2768.30
      318.000        1740.20
      319.000        1964.30
      320.000        2479.90
