% 1d
% 2022_05_02_009_background
%  119
% from stack 2022_05_02_009_background
      280.000        24719.2
      280.500        24340.0
      281.000        23882.5
      281.500        23580.8
      282.000        23033.9
      282.500        22990.2
      283.000        22741.3
      283.100        22680.8
      283.200        22732.1
      283.300        22596.8
      283.400        22561.8
      283.500        22514.3
      283.600        22219.3
      283.700        22194.1
      283.800        21910.4
      283.900        21365.6
      284.000        20649.6
      284.100        19969.4
      284.200        18967.9
      284.300        17673.5
      284.400        16557.2
      284.500        15649.0
      284.600        15343.9
      284.700        15786.6
      284.800        16252.8
      284.900        17267.5
      285.000        18039.6
      285.100        19036.3
      285.200        19734.0
      285.300        20373.7
      285.400        21036.1
      285.500        21233.3
      285.600        21301.5
      285.700        21278.9
      285.800        21301.7
      285.900        20930.5
      286.000        20475.9
      286.100        20424.3
      286.200        20150.5
      286.300        19890.5
      286.400        19633.1
      286.500        19119.7
      286.600        18432.6
      286.700        17846.3
      286.800        17201.8
      286.900        16496.0
      287.000        15979.7
      287.100        15558.2
      287.200        15326.6
      287.300        15040.4
      287.400        14728.5
      287.500        14508.5
      287.600        14132.1
      287.700        13807.7
      287.800        13600.2
      287.900        13322.0
      288.000        13054.7
      288.100        12956.3
      288.200        12848.9
      288.300        13121.9
      288.400        13106.8
      288.500        12908.9
      288.600        12709.4
      288.700        12405.1
      288.800        11992.0
      288.900        11823.8
      289.000        11642.6
      289.250        11229.9
      289.500        10702.1
      289.750        10223.5
      290.000        9928.00
      290.250        9776.36
      290.500        9656.45
      290.750        9497.45
      291.000        9351.64
      291.250        9024.27
      291.500        8747.27
      291.750        8925.55
      292.000        8747.36
      292.250        8815.09
      292.500        8702.18
      292.750        8870.27
      293.000        8956.09
      293.250        9135.64
      293.500        9338.45
      293.750        9547.73
      294.000        9626.73
      294.500        9651.45
      295.000        9753.91
      295.500        9987.73
      296.000        9996.91
      296.500        9829.55
      297.000        10142.2
      297.500        10636.5
      298.000        10901.1
      298.500        10892.5
      299.000        10957.3
      299.500        11018.8
      300.000        11385.0
      301.000        12098.4
      302.000        12884.5
      303.000        13426.1
      304.000        14104.6
      305.000        15123.1
      306.000        16187.0
      307.000        17195.7
      308.000        18069.4
      309.000        19058.5
      310.000        19764.2
      311.000        20665.5
      312.000        21410.0
      313.000        22206.9
      314.000        22928.6
      315.000        23829.3
      316.000        25095.5
      317.000        25440.8
      318.000        25068.1
      319.000        26721.5
      320.000        26277.1
