% 1d
% 2022_05_30_251_background
%  116
% from stack 2022_05_30_251_background
      280.000        29133.7
      280.500        28045.8
      281.000        27711.1
      281.500        27220.0
      282.000        26150.5
      282.500        25661.1
      283.000        25310.0
      283.100        24877.9
      283.200        24618.9
      283.300        24886.8
      283.400        24967.9
      283.500        24975.8
      283.600        24743.7
      283.700        24244.7
      283.800        24291.1
      283.900        23464.2
      284.000        23480.5
      284.100        22461.1
      284.200        21420.0
      284.300        20848.9
      284.400        20878.9
      284.500        20637.4
      284.600        21018.4
      284.700        21997.4
      284.800        22557.4
      284.900        23078.9
      285.000        23018.9
      285.100        23006.8
      285.200        23753.7
      285.300        23461.6
      285.400        24147.9
      285.500        24871.6
      285.600        25172.1
      285.700        25600.0
      285.800        25481.6
      285.900        25248.9
      286.000        25208.9
      286.100        24381.6
      286.200        24860.0
      286.300        24771.6
      286.400        23801.1
      286.500        22834.7
      286.600        22630.0
      286.700        22282.6
      286.800        21884.7
      286.900        21148.9
      287.000        20085.8
      287.100        19976.8
      287.200        19765.8
      287.300        19424.7
      287.400        19302.6
      287.500        18927.9
      287.600        18595.3
      287.700        18247.4
      287.800        17306.8
      287.900        16457.9
      288.000        16462.1
      288.100        16730.0
      288.200        17224.2
      288.300        17491.6
      288.400        16888.4
      288.500        16299.5
      288.600        16465.3
      288.700        16565.3
      288.800        16380.5
      288.900        16016.8
      289.000        15245.8
      289.250        14640.0
      289.500        14225.8
      289.750        13531.1
      290.000        13770.0
      290.250        14484.7
      290.500        14093.7
      290.750        13691.6
      291.000        13362.6
      291.250        12939.5
      291.500        12848.4
      291.750        13891.1
      292.000        14190.0
      292.250        13984.7
      292.500        14126.3
      292.750        15337.4
      293.000        14946.8
      293.250        14713.2
      293.500        14342.1
      293.750        14264.7
      294.000        14730.5
      294.500        15040.5
      295.000        15252.1
      295.500        16023.7
      296.000        16219.5
      296.500        16073.7
      297.000        16757.9
      297.500        16949.5
      298.000        16734.7
      298.500        17091.6
      299.000        16872.1
      299.500        16660.5
      300.000        17192.6
      301.000        17687.4
      302.000        18425.3
      303.000        19890.5
      304.000        22164.7
      305.000        23295.8
      306.000        27894.7
      307.000        25551.6
      308.000        27378.9
      309.000        32851.6
      310.000        30011.6
      311.000        30752.6
      312.000        37132.6
      313.000        32674.2
      314.000        33114.2
      315.000        33851.6
      316.000        34996.3
      317.000        13364.2
