% 1d
% 2022_04_30_049_background
%  119
% from stack 2022_04_30_049_background
      280.000        25154.0
      280.500        24858.0
      281.000        24294.0
      281.500        23983.0
      282.000        23739.0
      282.500        23336.0
      283.000        23174.0
      283.100        23163.0
      283.200        23167.0
      283.300        23100.0
      283.400        23007.0
      283.500        22794.0
      283.600        22611.0
      283.700        22315.0
      283.800        22026.0
      283.900        20779.0
      284.000        19377.0
      284.100        18013.0
      284.200        16939.0
      284.300        16187.0
      284.400        15669.0
      284.500        15471.0
      284.600        15814.0
      284.700        16377.0
      284.800        16886.0
      284.900        17542.0
      285.000        18315.0
      285.100        19473.0
      285.200        20424.0
      285.300        21227.0
      285.400        21859.0
      285.500        22072.0
      285.600        22324.0
      285.700        22175.0
      285.800        21804.0
      285.900        21534.0
      286.000        21470.0
      286.100        21502.0
      286.200        21428.0
      286.300        21427.0
      286.400        21221.0
      286.500        20897.0
      286.600        20402.0
      286.700        19803.0
      286.800        19120.0
      286.900        18707.0
      287.000        18272.0
      287.100        17806.0
      287.200        17277.0
      287.300        16691.0
      287.400        16054.0
      287.500        15330.0
      287.600        14675.0
      287.700        14050.0
      287.800        13756.0
      287.900        13458.0
      288.000        13321.0
      288.100        13516.0
      288.200        13788.0
      288.300        14119.0
      288.400        14219.0
      288.500        14376.0
      288.600        14365.0
      288.700        14363.0
      288.800        14127.0
      288.900        14119.0
      289.000        13949.0
      289.250        13596.0
      289.500        13104.0
      289.750        12611.0
      290.000        12585.0
      290.250        12450.0
      290.500        12257.0
      290.750        12176.0
      291.000        11932.0
      291.250        11806.0
      291.500        11619.0
      291.750        11478.0
      292.000        11511.0
      292.250        11503.0
      292.500        11541.0
      292.750        11552.0
      293.000        11759.0
      293.250        11806.0
      293.500        11928.0
      293.750        11999.0
      294.000        12247.0
      294.500        12409.0
      295.000        12574.0
      295.500        12759.0
      296.000        12913.0
      296.500        13063.0
      297.000        13056.0
      297.500        13925.0
      298.000        14129.0
      298.500        14235.0
      299.000        14351.0
      299.500        14370.0
      300.000        15083.0
      301.000        15846.0
      302.000        16585.0
      303.000        17381.0
      304.000        19284.0
      305.000        19558.0
      306.000        20764.0
      307.000        21946.0
      308.000        23094.0
      309.000        24072.0
      310.000        24953.0
      311.000        25746.0
      312.000        26949.0
      313.000        27693.0
      314.000        28440.0
      315.000        29198.0
      316.000        30037.0
      317.000        31252.0
      318.000        31967.0
      319.000        32636.0
      320.000        33330.0
