% 1d
% 2022_05_02_191_background
%  119
% from stack 2022_05_02_191_background
      280.000        23080.0
      280.500        22266.3
      281.000        21726.3
      281.500        21395.0
      282.000        21085.0
      282.500        21212.5
      283.000        20837.5
      283.100        21160.0
      283.200        21301.3
      283.300        21448.8
      283.400        20822.5
      283.500        20827.5
      283.600        20592.5
      283.700        20118.8
      283.800        19972.5
      283.900        19043.8
      284.000        18408.8
      284.100        17365.0
      284.200        15918.8
      284.300        14907.5
      284.400        14825.0
      284.500        14873.8
      284.600        14961.3
      284.700        14970.0
      284.800        15655.0
      284.900        16028.8
      285.000        16570.0
      285.100        17086.3
      285.200        17622.5
      285.300        18103.8
      285.400        17968.8
      285.500        18183.8
      285.600        18668.8
      285.700        18008.8
      285.800        18181.3
      285.900        17672.5
      286.000        17853.8
      286.100        18235.0
      286.200        18126.3
      286.300        18105.0
      286.400        17930.0
      286.500        16868.8
      286.600        16557.5
      286.700        16012.5
      286.800        15682.5
      286.900        15263.8
      287.000        15207.5
      287.100        15246.3
      287.200        14886.3
      287.300        14336.3
      287.400        14215.0
      287.500        13978.8
      287.600        13926.3
      287.700        13605.0
      287.800        12971.3
      287.900        12870.0
      288.000        13416.3
      288.100        13642.5
      288.200        13941.3
      288.300        13953.8
      288.400        13871.3
      288.500        13981.3
      288.600        13930.0
      288.700        13640.0
      288.800        13435.0
      288.900        13466.3
      289.000        13135.0
      289.250        12730.0
      289.500        12281.3
      289.750        12178.8
      290.000        12436.3
      290.250        12066.3
      290.500        12045.0
      290.750        11787.5
      291.000        11797.5
      291.250        11690.0
      291.500        11635.0
      291.750        11381.3
      292.000        11237.5
      292.250        11576.3
      292.500        11417.5
      292.750        11647.5
      293.000        11772.5
      293.250        11770.0
      293.500        11911.3
      293.750        12258.8
      294.000        12322.5
      294.500        12542.5
      295.000        12906.3
      295.500        13417.5
      296.000        13485.0
      296.500        13038.8
      297.000        13705.0
      297.500        14356.3
      298.000        14775.0
      298.500        14765.0
      299.000        14858.8
      299.500        14867.5
      300.000        15176.3
      301.000        15705.0
      302.000        16502.5
      303.000        17625.0
      304.000        18507.5
      305.000        19320.0
      306.000        20556.3
      307.000        21368.8
      308.000        21847.5
      309.000        22785.0
      310.000        24206.3
      311.000        24636.3
      312.000        25235.0
      313.000        26006.3
      314.000        26972.5
      315.000        27543.8
      316.000        28691.3
      317.000        29930.0
      318.000        30400.0
      319.000        31307.5
      320.000        32127.5
