% 1d
% 2022_08_31_063_background
%  119
% from stack 2022_08_31_063_background
      280.000        1830.33
      280.500        1630.50
      281.000        1474.50
      281.500        1320.50
      282.000        1206.33
      282.500        1123.50
      283.000        981.667
      283.100        903.667
      283.200        851.167
      283.300        790.833
      283.400        762.333
      283.500        725.500
      283.600        690.000
      283.700        639.333
      283.800        638.667
      283.900        622.000
      284.000        579.000
      284.100        577.000
      284.200        568.000
      284.300        561.500
      284.400        537.000
      284.500        569.667
      284.600        581.000
      284.700        639.167
      284.800        638.500
      284.900        680.500
      285.000        696.500
      285.100        750.333
      285.200        750.500
      285.300        806.500
      285.400        777.833
      285.500        803.000
      285.600        816.333
      285.700        779.333
      285.800        755.833
      285.900        713.667
      286.000        727.667
      286.100        714.833
      286.200        708.333
      286.300        716.833
      286.400        684.500
      286.500        679.500
      286.600        659.500
      286.700        651.500
      286.800        624.333
      286.900        591.667
      287.000        592.500
      287.100        590.500
      287.200        546.833
      287.300        542.333
      287.400        521.000
      287.500        521.500
      287.600        485.500
      287.700        475.667
      287.800        451.000
      287.900        436.667
      288.000        432.167
      288.100        434.167
      288.200        444.167
      288.300        428.333
      288.400        451.000
      288.500        441.500
      288.600        446.667
      288.700        452.500
      288.800        443.833
      288.900        453.167
      289.000        466.167
      289.250        464.667
      289.500        484.000
      289.750        482.333
      290.000        527.667
      290.250        572.167
      290.500        600.167
      290.750        632.667
      291.000        665.500
      291.250        691.833
      291.500        693.167
      291.750        713.833
      292.000        731.667
      292.250        756.500
      292.500        764.000
      292.750        808.000
      293.000        803.167
      293.250        826.500
      293.500        849.000
      293.750        884.667
      294.000        922.167
      294.500        939.500
      295.000        945.667
      295.500        1002.00
      296.000        1026.33
      296.500        1011.50
      297.000        1057.33
      297.500        1159.00
      298.000        1174.83
      298.500        1209.17
      299.000        1196.00
      299.500        1222.83
      300.000        1272.33
      301.000        1396.83
      302.000        1490.33
      303.000        1636.33
      304.000        1734.00
      305.000        1854.33
      306.000        2011.17
      307.000        2166.33
      308.000        2302.83
      309.000        2483.50
      310.000        2593.00
      311.000        2751.83
      312.000        2472.33
      313.000        2959.00
      314.000        3076.50
      315.000        3030.33
      316.000        3141.00
      317.000        3189.17
      318.000        3301.33
      319.000        3438.83
      320.000        3404.83
