% 1d
% 2022_05_01_111_background
%  119
% from stack 2022_05_01_111_background
      280.000        24066.0
      280.500        23467.0
      281.000        23267.0
      281.500        22806.0
      282.000        22551.0
      282.500        22185.5
      283.000        22236.0
      283.100        22427.5
      283.200        22445.5
      283.300        22381.5
      283.400        22114.5
      283.500        22076.0
      283.600        21793.5
      283.700        21753.5
      283.800        21459.0
      283.900        21208.0
      284.000        20450.0
      284.100        19881.5
      284.200        18943.0
      284.300        18130.5
      284.400        17070.0
      284.500        16163.0
      284.600        15381.0
      284.700        15320.0
      284.800        15856.5
      284.900        16481.5
      285.000        17495.5
      285.100        17977.0
      285.200        19014.0
      285.300        20042.0
      285.400        20693.0
      285.500        20881.5
      285.600        21161.0
      285.700        21108.0
      285.800        20921.0
      285.900        21010.0
      286.000        20783.5
      286.100        20248.5
      286.200        20069.0
      286.300        19813.0
      286.400        19663.5
      286.500        18970.5
      286.600        18395.0
      286.700        17934.5
      286.800        17343.0
      286.900        16859.0
      287.000        16629.5
      287.100        16129.0
      287.200        15694.0
      287.300        15403.5
      287.400        15074.0
      287.500        14933.0
      287.600        14538.5
      287.700        14203.5
      287.800        13611.5
      287.900        13202.0
      288.000        12972.0
      288.100        12883.0
      288.200        12722.5
      288.300        12894.0
      288.400        12836.5
      288.500        13025.0
      288.600        12894.0
      288.700        12517.5
      288.800        12435.0
      288.900        12384.0
      289.000        12303.0
      289.250        11810.0
      289.500        11229.5
      289.750        10691.0
      290.000        10395.0
      290.250        10285.5
      290.500        10039.0
      290.750        9907.50
      291.000        9708.50
      291.250        9616.50
      291.500        9537.50
      291.750        9477.50
      292.000        9460.50
      292.250        9334.50
      292.500        9417.00
      292.750        9331.50
      293.000        9419.00
      293.250        9491.00
      293.500        9426.50
      293.750        9505.50
      294.000        9669.00
      294.500        9913.50
      295.000        10168.5
      295.500        10142.0
      296.000        10340.0
      296.500        10272.0
      297.000        10300.0
      297.500        10741.5
      298.000        11067.5
      298.500        11247.0
      299.000        11215.5
      299.500        11170.0
      300.000        11822.0
      301.000        12603.5
      302.000        13356.0
      303.000        15474.0
      304.000        15046.0
      305.000        16108.0
      306.000        17052.0
      307.000        18201.0
      308.000        19049.5
      309.000        19817.0
      310.000        20646.0
      311.000        21737.0
      312.000        22544.0
      313.000        23222.5
      314.000        24004.0
      315.000        24693.5
      316.000        25527.5
      317.000        26065.0
      318.000        26807.0
      319.000        27799.5
      320.000        28216.5
