% 1d
% 2022_05_02_089_background
%  119
% from stack 2022_05_02_089_background
      280.000        24464.0
      280.500        23911.3
      281.000        23591.5
      281.500        23070.3
      282.000        22720.5
      282.500        22495.0
      283.000        22358.3
      283.100        22387.5
      283.200        22422.8
      283.300        22206.3
      283.400        22200.3
      283.500        22158.3
      283.600        21906.8
      283.700        21793.0
      283.800        21548.0
      283.900        21059.8
      284.000        20504.5
      284.100        19964.8
      284.200        18979.5
      284.300        17829.0
      284.400        16803.0
      284.500        15916.0
      284.600        15577.8
      284.700        15444.3
      284.800        15915.0
      284.900        16493.5
      285.000        17257.0
      285.100        18419.5
      285.200        19494.5
      285.300        20537.0
      285.400        21010.8
      285.500        21290.8
      285.600        21441.5
      285.700        21275.3
      285.800        21109.3
      285.900        20607.5
      286.000        20283.0
      286.100        19647.0
      286.200        19867.0
      286.300        19906.3
      286.400        19742.5
      286.500        19175.0
      286.600        18469.3
      286.700        17973.3
      286.800        17488.5
      286.900        16899.5
      287.000        16301.5
      287.100        15812.8
      287.200        15498.3
      287.300        15480.8
      287.400        15270.5
      287.500        14957.3
      287.600        14708.0
      287.700        14624.5
      287.800        14315.8
      287.900        14060.3
      288.000        13851.3
      288.100        13854.5
      288.200        13928.0
      288.300        14036.3
      288.400        14068.3
      288.500        13960.0
      288.600        13955.0
      288.700        13823.0
      288.800        13524.0
      288.900        13411.8
      289.000        13250.0
      289.250        12683.3
      289.500        12066.5
      289.750        11583.8
      290.000        11317.3
      290.250        11161.3
      290.500        11072.3
      290.750        10968.8
      291.000        10651.3
      291.250        10473.0
      291.500        10142.8
      291.750        10186.0
      292.000        10269.5
      292.250        10458.0
      292.500        10594.8
      292.750        10425.5
      293.000        10645.3
      293.250        10624.3
      293.500        10835.0
      293.750        10947.8
      294.000        10957.3
      294.500        11132.3
      295.000        11153.0
      295.500        11317.3
      296.000        11265.0
      296.500        11160.8
      297.000        11404.8
      297.500        12037.8
      298.000        12144.5
      298.500        12342.3
      299.000        12433.3
      299.500        12315.3
      300.000        12853.3
      301.000        13574.0
      302.000        14290.3
      303.000        15249.0
      304.000        15946.8
      305.000        16702.5
      306.000        18009.8
      307.000        19149.8
      308.000        19985.0
      309.000        20907.3
      310.000        21492.3
      311.000        22579.3
      312.000        23805.5
      313.000        24247.5
      314.000        24735.3
      315.000        25522.5
      316.000        26487.5
      317.000        26378.8
      318.000        27140.5
      319.000        27670.8
      320.000        28528.3
