% 1d
% 2022_08_30_background
%  119
% from stack 2022_08_30_background
      280.000        1788.33
      280.500        1687.00
      281.000        1457.50
      281.500        1252.33
      282.000        1084.67
      282.500        1084.17
      283.000        984.500
      283.100        927.167
      283.200        899.167
      283.300        848.833
      283.400        800.000
      283.500        761.833
      283.600        731.667
      283.700        716.500
      283.800        689.833
      283.900        691.667
      284.000        653.500
      284.100        655.000
      284.200        633.500
      284.300        627.167
      284.400        623.000
      284.500        629.667
      284.600        668.167
      284.700        701.500
      284.800        763.667
      284.900        800.833
      285.000        861.833
      285.100        891.667
      285.200        947.833
      285.300        951.167
      285.400        958.167
      285.500        964.000
      285.600        928.833
      285.700        896.167
      285.800        894.000
      285.900        871.500
      286.000        869.000
      286.100        844.000
      286.200        849.000
      286.300        828.333
      286.400        818.833
      286.500        763.333
      286.600        758.667
      286.700        742.333
      286.800        699.833
      286.900        691.667
      287.000        674.500
      287.100        667.167
      287.200        635.000
      287.300        610.000
      287.400        595.000
      287.500        560.000
      287.600        532.500
      287.700        544.000
      287.800        498.667
      287.900        494.500
      288.000        495.500
      288.100        494.333
      288.200        490.333
      288.300        505.667
      288.400        513.500
      288.500        495.833
      288.600        515.167
      288.700        512.000
      288.800        504.333
      288.900        490.667
      289.000        491.167
      289.250        504.333
      289.500        527.667
      289.750        532.500
      290.000        583.167
      290.250        620.667
      290.500        660.000
      290.750        685.833
      291.000        720.333
      291.250        753.000
      291.500        769.667
      291.750        793.333
      292.000        835.000
      292.250        842.833
      292.500        867.667
      292.750        852.333
      293.000        914.500
      293.250        903.667
      293.500        942.167
      293.750        948.667
      294.000        997.333
      294.500        1047.83
      295.000        1051.33
      295.500        1086.50
      296.000        1138.67
      296.500        1153.00
      297.000        1188.83
      297.500        1232.33
      298.000        1278.33
      298.500        1308.50
      299.000        1347.67
      299.500        1333.83
      300.000        1424.17
      301.000        1532.17
      302.000        1616.83
      303.000        1730.00
      304.000        1863.83
      305.000        2016.67
      306.000        2164.67
      307.000        2323.00
      308.000        2489.17
      309.000        2692.83
      310.000        2846.67
      311.000        3030.17
      312.000        3114.00
      313.000        3158.67
      314.000        3285.33
      315.000        3284.50
      316.000        3380.67
      317.000        3511.50
      318.000        3549.83
      319.000        3511.67
      320.000        3601.67
