% 1d
% 2022_05_31_023_background
%  119
% from stack 2022_05_31_023_background
      280.000        22680.4
      280.500        22027.8
      281.000        21464.3
      281.500        21846.5
      282.000        20685.2
      282.500        20262.2
      283.000        20161.3
      283.100        19795.2
      283.200        19343.5
      283.300        19050.4
      283.400        18712.6
      283.500        18217.8
      283.600        17390.4
      283.700        17032.6
      283.800        17496.5
      283.900        18420.4
      284.000        18905.2
      284.100        18929.1
      284.200        17753.0
      284.300        17025.7
      284.400        15679.1
      284.500        15459.1
      284.600        15749.1
      284.700        16204.3
      284.800        16334.8
      284.900        17747.0
      285.000        18128.3
      285.100        19006.1
      285.200        19152.2
      285.300        18860.4
      285.400        19145.7
      285.500        19118.7
      285.600        19544.3
      285.700        19890.9
      285.800        19383.0
      285.900        18638.7
      286.000        18801.3
      286.100        19370.0
      286.200        18875.2
      286.300        19471.3
      286.400        18925.2
      286.500        18251.3
      286.600        17781.7
      286.700        18141.3
      286.800        18545.2
      286.900        17846.1
      287.000        16431.3
      287.100        15632.6
      287.200        16609.6
      287.300        17127.4
      287.400        16707.4
      287.500        16486.5
      287.600        16116.1
      287.700        16043.9
      287.800        16373.5
      287.900        15757.4
      288.000        14316.1
      288.100        14060.0
      288.200        13840.4
      288.300        13988.3
      288.400        14571.7
      288.500        15358.7
      288.600        15821.3
      288.700        15744.3
      288.800        15807.4
      288.900        15536.5
      289.000        14956.1
      289.250        15173.9
      289.500        15287.8
      289.750        15103.0
      290.000        14943.0
      290.250        14304.3
      290.500        14152.2
      290.750        14083.9
      291.000        13989.1
      291.250        14277.0
      291.500        14196.1
      291.750        14043.9
      292.000        13900.4
      292.250        13352.6
      292.500        13529.1
      292.750        14108.3
      293.000        14469.1
      293.250        14915.2
      293.500        14675.7
      293.750        15267.8
      294.000        15016.1
      294.500        14902.2
      295.000        15063.9
      295.500        15387.0
      296.000        15854.3
      296.500        15379.1
      297.000        15029.1
      297.500        16223.5
      298.000        16375.7
      298.500        15907.8
      299.000        16206.5
      299.500        15790.4
      300.000        17114.3
      301.000        18499.6
      302.000        18987.4
      303.000        19316.5
      304.000        20932.2
      305.000        21972.6
      306.000        22486.1
      307.000        23708.3
      308.000        24607.0
      309.000        26287.8
      310.000        26708.7
      311.000        27310.0
      312.000        28563.0
      313.000        28486.1
      314.000        29500.0
      315.000        29926.5
      316.000        30493.0
      317.000        30320.9
      318.000        30881.7
      319.000        31794.8
      320.000        32893.0
