% 1d
% 2022_05_31_053_background
%  119
% from stack 2022_05_31_053_background
      280.000        28865.0
      280.500        27802.0
      281.000        26033.0
      281.500        25814.0
      282.000        24692.0
      282.500        24183.0
      283.000        23779.0
      283.100        23688.0
      283.200        22313.0
      283.300        21987.0
      283.400        22545.0
      283.500        23473.0
      283.600        23515.0
      283.700        23808.0
      283.800        24386.0
      283.900        24430.0
      284.000        23859.0
      284.100        24399.0
      284.200        24206.0
      284.300        23834.0
      284.400        23866.0
      284.500        23109.0
      284.600        22327.0
      284.700        22242.0
      284.800        22907.0
      284.900        23596.0
      285.000        23822.0
      285.100        23984.0
      285.200        24732.0
      285.300        25152.0
      285.400        25095.0
      285.500        25057.0
      285.600        25215.0
      285.700        25491.0
      285.800        25090.0
      285.900        25310.0
      286.000        25157.0
      286.100        24862.0
      286.200        24954.0
      286.300        25404.0
      286.400        25391.0
      286.500        24384.0
      286.600        23401.0
      286.700        23418.0
      286.800        23429.0
      286.900        23366.0
      287.000        22584.0
      287.100        22801.0
      287.200        22239.0
      287.300        21685.0
      287.400        21096.0
      287.500        21236.0
      287.600        21455.0
      287.700        20287.0
      287.800        19891.0
      287.900        19696.0
      288.000        19467.0
      288.100        19646.0
      288.200        19948.0
      288.300        20117.0
      288.400        20116.0
      288.500        18971.0
      288.600        19579.0
      288.700        19640.0
      288.800        19925.0
      288.900        19475.0
      289.000        18453.0
      289.250        17592.0
      289.500        17955.0
      289.750        17879.0
      290.000        18056.0
      290.250        18428.0
      290.500        18687.0
      290.750        18367.0
      291.000        18301.0
      291.250        18458.0
      291.500        18548.0
      291.750        18524.0
      292.000        18746.0
      292.250        18721.0
      292.500        18845.0
      292.750        18962.0
      293.000        18937.0
      293.250        19161.0
      293.500        19522.0
      293.750        19506.0
      294.000        20243.0
      294.500        20234.0
      295.000        20595.0
      295.500        20543.0
      296.000        20043.0
      296.500        20272.0
      297.000        20320.0
      297.500        21390.0
      298.000        21584.0
      298.500        21791.0
      299.000        21911.0
      299.500        21525.0
      300.000        22592.0
      301.000        23596.0
      302.000        24078.0
      303.000        24971.0
      304.000        26319.0
      305.000        26694.0
      306.000        28610.0
      307.000        29824.0
      308.000        30942.0
      309.000        31615.0
      310.000        31870.0
      311.000        32199.0
      312.000        34746.0
      313.000        35656.0
      314.000        36535.0
      315.000        36834.0
      316.000        36740.0
      317.000        37015.0
      318.000        37856.0
      319.000        39130.0
      320.000        41651.0
