% 1d
% 2022_08_31_129_background
%  119
% from stack 2022_08_31_129_background
      280.000        1512.57
      280.500        1384.62
      281.000        1275.33
      281.500        1073.52
      282.000        1018.76
      282.500        990.714
      283.000        873.381
      283.100        816.333
      283.200        789.810
      283.300        722.714
      283.400        674.571
      283.500        637.048
      283.600        601.810
      283.700        565.333
      283.800        553.857
      283.900        520.286
      284.000        520.571
      284.100        491.619
      284.200        464.667
      284.300        424.000
      284.400        377.429
      284.500        345.286
      284.600        346.143
      284.700        367.238
      284.800        401.238
      284.900        442.238
      285.000        491.000
      285.100        526.905
      285.200        584.714
      285.300        622.048
      285.400        631.762
      285.500        647.714
      285.600        653.810
      285.700        639.524
      285.800        619.524
      285.900        609.381
      286.000        612.667
      286.100        599.238
      286.200        591.810
      286.300        576.381
      286.400        551.286
      286.500        526.762
      286.600        507.571
      286.700        477.905
      286.800        462.714
      286.900        456.857
      287.000        433.619
      287.100        421.905
      287.200        416.952
      287.300        407.095
      287.400        399.857
      287.500        386.905
      287.600        367.905
      287.700        354.048
      287.800        345.524
      287.900        322.524
      288.000        314.857
      288.100        315.333
      288.200        316.000
      288.300        314.238
      288.400        313.857
      288.500        313.857
      288.600        321.810
      288.700        321.952
      288.800        312.333
      288.900        327.286
      289.000        335.286
      289.250        338.333
      289.500        341.048
      289.750        353.857
      290.000        386.952
      290.250        410.571
      290.500        425.476
      290.750        457.857
      291.000        476.333
      291.250        504.143
      291.500        517.190
      291.750        523.524
      292.000        465.714
      292.250        548.095
      292.500        555.381
      292.750        574.143
      293.000        595.571
      293.250        616.905
      293.500        649.714
      293.750        619.714
      294.000        641.905
      294.500        664.333
      295.000        684.190
      295.500        710.143
      296.000        740.333
      296.500        748.571
      297.000        777.000
      297.500        839.571
      298.000        868.476
      298.500        867.143
      299.000        881.381
      299.500        922.333
      300.000        975.143
      301.000        1036.52
      302.000        1102.62
      303.000        1173.29
      304.000        1282.81
      305.000        1377.00
      306.000        1518.19
      307.000        1656.48
      308.000        1789.90
      309.000        1878.86
      310.000        1992.43
      311.000        2177.43
      312.000        2269.38
      313.000        2317.48
      314.000        2460.95
      315.000        2506.71
      316.000        2608.67
      317.000        2680.43
      318.000        2594.62
      319.000        2725.33
      320.000        2786.71
