% 1d
% 2022_05_01_098_background
%  119
% from stack 2022_05_01_098_background
      280.000        23964.1
      280.500        23723.1
      281.000        23497.7
      281.500        23075.2
      282.000        22501.0
      282.500        22279.9
      283.000        22327.2
      283.100        21959.6
      283.200        22066.4
      283.300        22370.0
      283.400        22442.1
      283.500        22103.9
      283.600        22111.9
      283.700        22025.5
      283.800        21910.5
      283.900        21300.3
      284.000        20864.7
      284.100        20458.6
      284.200        19433.6
      284.300        18460.5
      284.400        17190.9
      284.500        16313.6
      284.600        15808.2
      284.700        16130.4
      284.800        16518.3
      284.900        17061.0
      285.000        17656.8
      285.100        18656.5
      285.200        19343.3
      285.300        20168.5
      285.400        20750.0
      285.500        21154.9
      285.600        21336.9
      285.700        21372.9
      285.800        21440.0
      285.900        21009.7
      286.000        20696.4
      286.100        20548.8
      286.200        20273.6
      286.300        20142.3
      286.400        19648.1
      286.500        19393.1
      286.600        18969.1
      286.700        18391.4
      286.800        17808.3
      286.900        17278.2
      287.000        16907.6
      287.100        16604.6
      287.200        16167.8
      287.300        15936.2
      287.400        15742.2
      287.500        15372.6
      287.600        15056.9
      287.700        14693.2
      287.800        14165.9
      287.900        13820.0
      288.000        13554.2
      288.100        13389.5
      288.200        13482.4
      288.300        13525.1
      288.400        13789.9
      288.500        13796.3
      288.600        13764.0
      288.700        13712.9
      288.800        13398.4
      288.900        13211.7
      289.000        12978.2
      289.250        12470.0
      289.500        11847.7
      289.750        11222.8
      290.000        11019.5
      290.250        11053.1
      290.500        10912.3
      290.750        10657.8
      291.000        10419.1
      291.250        10433.5
      291.500        10429.7
      291.750        10193.8
      292.000        10229.5
      292.250        10112.6
      292.500        10191.0
      292.750        10242.1
      293.000        10279.1
      293.250        10433.6
      293.500        10582.0
      293.750        10688.2
      294.000        10887.9
      294.500        11040.5
      295.000        11160.7
      295.500        11301.4
      296.000        11277.6
      296.500        11095.8
      297.000        11216.9
      297.500        12030.6
      298.000        12236.7
      298.500        12224.8
      299.000        12329.1
      299.500        12402.1
      300.000        12991.6
      301.000        13561.9
      302.000        14111.8
      303.000        14991.8
      304.000        15628.5
      305.000        16650.3
      306.000        17465.1
      307.000        18311.7
      308.000        19582.7
      309.000        20868.1
      310.000        21804.3
      311.000        22487.2
      312.000        23189.0
      313.000        23742.2
      314.000        24969.5
      315.000        25444.4
      316.000        26259.1
      317.000        26750.3
      318.000        27407.2
      319.000        27877.9
      320.000        28743.3
