% 1d
% 2022_05_02_172_background
%  119
% from stack 2022_05_02_172_background
      280.000        22905.9
      280.500        22159.0
      281.000        21701.9
      281.500        21508.4
      282.000        21106.1
      282.500        20748.5
      283.000        20628.5
      283.100        20897.6
      283.200        21144.4
      283.300        20859.1
      283.400        20755.7
      283.500        20785.4
      283.600        20470.8
      283.700        19877.9
      283.800        19605.7
      283.900        19568.2
      284.000        19277.6
      284.100        18312.1
      284.200        17409.3
      284.300        16476.8
      284.400        15685.7
      284.500        15217.8
      284.600        15250.5
      284.700        15675.1
      284.800        16079.7
      284.900        16901.8
      285.000        18006.0
      285.100        18696.3
      285.200        19327.5
      285.300        20050.8
      285.400        20284.3
      285.500        20914.6
      285.600        20463.7
      285.700        20184.1
      285.800        19938.5
      285.900        20080.8
      286.000        19909.0
      286.100        19648.0
      286.200        19405.5
      286.300        19234.9
      286.400        18846.5
      286.500        18118.3
      286.600        17684.1
      286.700        17084.5
      286.800        16523.1
      286.900        15932.4
      287.000        15334.5
      287.100        14928.8
      287.200        14637.6
      287.300        14198.6
      287.400        13751.1
      287.500        13289.1
      287.600        13454.7
      287.700        13125.9
      287.800        13118.4
      287.900        12904.9
      288.000        12723.4
      288.100        12544.6
      288.200        12770.8
      288.300        12868.3
      288.400        12810.2
      288.500        13143.0
      288.600        13254.5
      288.700        13089.9
      288.800        12681.1
      288.900        12656.5
      289.000        12636.7
      289.250        12215.3
      289.500        11748.3
      289.750        11228.3
      290.000        11047.5
      290.250        10818.9
      290.500        10673.4
      290.750        10498.5
      291.000        10240.5
      291.250        10071.8
      291.500        9837.39
      291.750        9992.96
      292.000        10081.6
      292.250        10043.6
      292.500        10001.7
      292.750        10290.5
      293.000        10230.3
      293.250        10158.1
      293.500        10319.5
      293.750        10695.9
      294.000        10710.1
      294.500        10825.7
      295.000        11118.0
      295.500        11161.6
      296.000        11188.3
      296.500        10619.1
      297.000        11270.4
      297.500        11619.5
      298.000        11805.8
      298.500        12016.9
      299.000        11919.6
      299.500        12079.0
      300.000        12664.4
      301.000        13465.3
      302.000        14163.1
      303.000        14901.1
      304.000        16037.3
      305.000        17173.5
      306.000        18131.3
      307.000        19410.2
      308.000        20003.8
      309.000        20991.0
      310.000        21855.8
      311.000        22302.1
      312.000        23647.1
      313.000        24076.3
      314.000        24633.8
      315.000        25466.2
      316.000        26663.9
      317.000        26699.9
      318.000        27396.7
      319.000        27665.8
      320.000        28293.8
