% 1d
% 2022_05_02_126_background
%  119
% from stack 2022_05_02_126_background
      280.000        23606.9
      280.500        23361.7
      281.000        22785.2
      281.500        22557.2
      282.000        22259.9
      282.500        21876.8
      283.000        21507.1
      283.100        21583.0
      283.200        21722.7
      283.300        21591.3
      283.400        21497.6
      283.500        21608.0
      283.600        21287.6
      283.700        21011.3
      283.800        20808.2
      283.900        20107.0
      284.000        19356.6
      284.100        18582.5
      284.200        17548.0
      284.300        16381.0
      284.400        15378.1
      284.500        14851.0
      284.600        14890.6
      284.700        15096.1
      284.800        15292.6
      284.900        15219.8
      285.000        16065.2
      285.100        17102.9
      285.200        18105.2
      285.300        18880.5
      285.400        19631.5
      285.500        19919.5
      285.600        20192.7
      285.700        20169.4
      285.800        19975.4
      285.900        19667.5
      286.000        18975.2
      286.100        18581.8
      286.200        17682.0
      286.300        16387.8
      286.400        15936.5
      286.500        14969.4
      286.600        13875.1
      286.700        14324.0
      286.800        14778.1
      286.900        14464.7
      287.000        14615.9
      287.100        14736.8
      287.200        14467.0
      287.300        14601.3
      287.400        14404.9
      287.500        14104.8
      287.600        13967.2
      287.700        13233.3
      287.800        12935.7
      287.900        12446.3
      288.000        12422.4
      288.100        12105.9
      288.200        12140.5
      288.300        12153.7
      288.400        12273.2
      288.500        12475.1
      288.600        12415.1
      288.700        12205.5
      288.800        11986.5
      288.900        11812.3
      289.000        11337.2
      289.250        10636.3
      289.500        10196.3
      289.750        10105.3
      290.000        9862.50
      290.250        9770.00
      290.500        9471.45
      290.750        9270.64
      291.000        9244.55
      291.250        9215.05
      291.500        9133.59
      291.750        9170.09
      292.000        8879.09
      292.250        8759.41
      292.500        8841.18
      292.750        8887.09
      293.000        8959.95
      293.250        8920.41
      293.500        8859.14
      293.750        8885.45
      294.000        9082.23
      294.500        9060.36
      295.000        9158.95
      295.500        9090.00
      296.000        9125.86
      296.500        9024.00
      297.000        9625.59
      297.500        9975.91
      298.000        9986.45
      298.500        9848.68
      299.000        9953.45
      299.500        10306.4
      300.000        10965.4
      301.000        11762.4
      302.000        12271.2
      303.000        12592.6
      304.000        13651.4
      305.000        13860.5
      306.000        14116.6
      307.000        15211.9
      308.000        16679.0
      309.000        17740.4
      310.000        18147.6
      311.000        18696.0
      312.000        19090.4
      313.000        19200.3
      314.000        19677.6
      315.000        20882.0
      316.000        22117.0
      317.000        23367.1
      318.000        23994.2
      319.000        24830.6
      320.000        25291.7
