% 1d
% 2022_05_02_087_background
%  119
% from stack 2022_05_02_087_background
      280.000        23351.2
      280.500        22853.5
      281.000        22164.1
      281.500        21907.6
      282.000        21347.6
      282.500        21211.2
      283.000        20823.5
      283.100        20898.2
      283.200        20736.5
      283.300        20671.8
      283.400        20535.3
      283.500        20692.4
      283.600        20483.5
      283.700        20556.5
      283.800        20495.9
      283.900        20088.8
      284.000        19454.1
      284.100        18804.1
      284.200        17918.2
      284.300        16571.2
      284.400        15245.9
      284.500        14340.0
      284.600        13785.3
      284.700        13637.6
      284.800        14134.1
      284.900        14804.7
      285.000        15625.3
      285.100        16569.4
      285.200        17562.4
      285.300        18349.4
      285.400        18320.0
      285.500        18898.8
      285.600        19379.4
      285.700        19540.0
      285.800        19415.3
      285.900        19303.5
      286.000        19221.8
      286.100        18878.2
      286.200        19085.3
      286.300        18854.1
      286.400        18710.0
      286.500        18310.6
      286.600        17815.3
      286.700        17307.6
      286.800        16621.2
      286.900        15764.1
      287.000        14919.4
      287.100        13876.5
      287.200        13464.1
      287.300        13323.5
      287.400        13463.5
      287.500        13505.9
      287.600        13439.4
      287.700        13228.2
      287.800        12795.3
      287.900        12490.6
      288.000        12222.4
      288.100        12121.8
      288.200        12135.9
      288.300        12260.6
      288.400        12530.6
      288.500        12561.2
      288.600        12341.2
      288.700        12290.6
      288.800        12015.3
      288.900        12234.1
      289.000        12141.8
      289.250        11705.9
      289.500        11347.6
      289.750        11012.4
      290.000        10692.9
      290.250        10384.1
      290.500        10171.2
      290.750        10205.9
      291.000        10181.8
      291.250        9959.41
      291.500        9757.06
      291.750        9662.94
      292.000        9508.24
      292.250        9795.29
      292.500        9975.29
      292.750        10104.7
      293.000        9917.65
      293.250        8828.82
      293.500        7829.41
      293.750        7380.59
      294.000        7293.53
      294.500        7600.59
      295.000        8285.29
      295.500        9344.12
      296.000        10140.6
      296.500        10340.6
      297.000        10617.6
      297.500        11322.9
      298.000        11617.6
      298.500        12181.2
      299.000        12087.6
      299.500        11720.0
      300.000        12104.7
      301.000        12572.4
      302.000        13145.3
      303.000        14240.0
      304.000        15139.4
      305.000        16960.0
      306.000        18237.6
      307.000        19759.4
      308.000        20725.3
      309.000        21611.2
      310.000        22508.8
      311.000        23324.1
      312.000        25200.0
      313.000        24767.6
      314.000        25514.7
      315.000        26346.5
      316.000        27022.9
      317.000        27850.6
      318.000        28809.4
      319.000        29597.6
      320.000        30216.5
