% 1d
% 2022_05_01_162_background
%  119
% from stack 2022_05_01_162_background
      280.000        24697.5
      280.500        24065.5
      281.000        23770.0
      281.500        23172.5
      282.000        22724.0
      282.500        22349.5
      283.000        22149.5
      283.100        22400.5
      283.200        22737.5
      283.300        22522.5
      283.400        22566.0
      283.500        22568.5
      283.600        22159.0
      283.700        22017.0
      283.800        21758.0
      283.900        21230.5
      284.000        20624.0
      284.100        19813.0
      284.200        18791.0
      284.300        17716.0
      284.400        16353.5
      284.500        15757.5
      284.600        15726.5
      284.700        16157.0
      284.800        16833.5
      284.900        17627.0
      285.000        18442.0
      285.100        19431.5
      285.200        20379.5
      285.300        21329.0
      285.400        21728.0
      285.500        22030.5
      285.600        22068.0
      285.700        21941.0
      285.800        21570.5
      285.900        21272.5
      286.000        21030.0
      286.100        20613.5
      286.200        20345.0
      286.300        20139.5
      286.400        19945.0
      286.500        19266.5
      286.600        18478.0
      286.700        17663.0
      286.800        17085.0
      286.900        16693.0
      287.000        16258.0
      287.100        15812.5
      287.200        15630.5
      287.300        15126.5
      287.400        15004.5
      287.500        14744.5
      287.600        14218.0
      287.700        13899.0
      287.800        13519.5
      287.900        13173.0
      288.000        12945.0
      288.100        12941.5
      288.200        12929.0
      288.300        13018.0
      288.400        13054.5
      288.500        12941.0
      288.600        12755.5
      288.700        12608.5
      288.800        12404.0
      288.900        12109.0
      289.000        11899.5
      289.250        11464.5
      289.500        10890.5
      289.750        10409.5
      290.000        10146.5
      290.250        9969.50
      290.500        9717.50
      290.750        9478.00
      291.000        9357.00
      291.250        9192.50
      291.500        9077.00
      291.750        9042.00
      292.000        8961.50
      292.250        9026.00
      292.500        9008.00
      292.750        9078.00
      293.000        9049.50
      293.250        9128.00
      293.500        9240.00
      293.750        9300.50
      294.000        9435.00
      294.500        9582.00
      295.000        9735.00
      295.500        9717.50
      296.000        9862.00
      296.500        9751.50
      297.000        10064.5
      297.500        10340.5
      298.000        10599.5
      298.500        10765.0
      299.000        10712.5
      299.500        10753.0
      300.000        11310.0
      301.000        11952.0
      302.000        12711.5
      303.000        13454.5
      304.000        14362.0
      305.000        15341.5
      306.000        16386.0
      307.000        17395.5
      308.000        18449.0
      309.000        19237.0
      310.000        20052.5
      311.000        20782.5
      312.000        21685.5
      313.000        22332.5
      314.000        23028.0
      315.000        25622.5
      316.000        24260.5
      317.000        26921.0
      318.000        25738.5
      319.000        26310.5
      320.000        27059.5
