% 1d
% 2022_09_01_037_background
%  119
% from stack 2022_09_01_037_background
      280.000        1532.63
      280.500        1427.50
      281.000        1278.75
      281.500        1169.63
      282.000        1092.13
      282.500        1036.50
      283.000        904.125
      283.100        871.250
      283.200        818.000
      283.300        755.250
      283.400        689.875
      283.500        675.625
      283.600        607.750
      283.700        583.875
      283.800        551.250
      283.900        508.750
      284.000        515.125
      284.100        509.375
      284.200        479.875
      284.300        483.250
      284.400        485.000
      284.500        488.875
      284.600        521.375
      284.700        515.000
      284.800        549.250
      284.900        581.625
      285.000        631.750
      285.100        630.875
      285.200        657.750
      285.300        663.250
      285.400        685.250
      285.500        687.375
      285.600        687.750
      285.700        717.875
      285.800        669.125
      285.900        655.750
      286.000        641.125
      286.100        613.750
      286.200        605.500
      286.300        581.625
      286.400        588.000
      286.500        559.125
      286.600        531.125
      286.700        515.250
      286.800        498.625
      286.900        494.500
      287.000        479.875
      287.100        459.750
      287.200        463.875
      287.300        442.125
      287.400        414.625
      287.500        402.750
      287.600        386.125
      287.700        389.125
      287.800        370.250
      287.900        364.500
      288.000        344.500
      288.100        348.250
      288.200        349.250
      288.300        352.625
      288.400        353.625
      288.500        356.125
      288.600        367.250
      288.700        348.125
      288.800        349.250
      288.900        349.750
      289.000        351.625
      289.250        348.625
      289.500        378.000
      289.750        393.625
      290.000        429.750
      290.250        438.500
      290.500        470.000
      290.750        494.500
      291.000        528.250
      291.250        533.000
      291.500        525.000
      291.750        543.750
      292.000        567.250
      292.250        571.500
      292.500        606.375
      292.750        590.500
      293.000        622.375
      293.250        637.125
      293.500        666.250
      293.750        676.750
      294.000        698.875
      294.500        721.250
      295.000        739.250
      295.500        761.125
      296.000        757.500
      296.500        794.750
      297.000        843.875
      297.500        908.875
      298.000        964.500
      298.500        979.000
      299.000        1010.63
      299.500        1051.88
      300.000        1146.88
      301.000        1232.88
      302.000        1311.88
      303.000        1425.00
      304.000        1549.00
      305.000        1640.38
      306.000        1829.38
      307.000        1980.00
      308.000        2135.50
      309.000        2300.13
      310.000        2340.75
      311.000        2491.50
      312.000        2630.63
      313.000        2756.25
      314.000        2783.63
      315.000        2767.25
      316.000        2889.25
      317.000        2964.38
      318.000        3061.00
      319.000        3055.00
      320.000        3092.75
