% 1d
% 2022_09_01_214_background
%  119
% from stack 2022_09_01_214_background
      280.000        1340.83
      280.500        1300.00
      281.000        1091.17
      281.500        987.667
      282.000        926.333
      282.500        897.000
      283.000        792.833
      283.100        739.167
      283.200        687.833
      283.300        632.500
      283.400        598.000
      283.500        551.500
      283.600        523.333
      283.700        487.500
      283.800        426.500
      283.900        367.000
      284.000        318.000
      284.100        290.000
      284.200        289.167
      284.300        280.500
      284.400        291.000
      284.500        299.500
      284.600        357.333
      284.700        368.000
      284.800        378.333
      284.900        408.667
      285.000        445.000
      285.100        476.833
      285.200        510.833
      285.300        536.667
      285.400        538.500
      285.500        589.833
      285.600        549.000
      285.700        530.333
      285.800        524.000
      285.900        484.500
      286.000        507.333
      286.100        517.000
      286.200        492.167
      286.300        490.500
      286.400        489.667
      286.500        442.000
      286.600        452.167
      286.700        413.667
      286.800        428.167
      286.900        391.333
      287.000        369.167
      287.100        337.167
      287.200        324.333
      287.300        297.833
      287.400        272.833
      287.500        257.167
      287.600        227.500
      287.700        231.167
      287.800        229.000
      287.900        224.500
      288.000        230.667
      288.100        241.333
      288.200        228.000
      288.300        249.500
      288.400        243.000
      288.500        232.000
      288.600        241.167
      288.700        237.833
      288.800        241.167
      288.900        232.833
      289.000        248.000
      289.250        252.500
      289.500        249.000
      289.750        255.500
      290.000        276.833
      290.250        296.667
      290.500        323.667
      290.750        326.500
      291.000        340.333
      291.250        345.500
      291.500        355.833
      291.750        356.833
      292.000        366.833
      292.250        365.833
      292.500        375.167
      292.750        410.500
      293.000        402.667
      293.250        421.167
      293.500        431.500
      293.750        473.667
      294.000        457.500
      294.500        482.167
      295.000        496.667
      295.500        502.000
      296.000        475.667
      296.500        518.000
      297.000        535.000
      297.500        580.500
      298.000        593.333
      298.500        624.833
      299.000        637.500
      299.500        666.333
      300.000        689.333
      301.000        863.333
      302.000        808.667
      303.000        874.333
      304.000        970.667
      305.000        1075.83
      306.000        1137.33
      307.000        1252.83
      308.000        1406.83
      309.000        1543.67
      310.000        1566.50
      311.000        1689.17
      312.000        1733.17
      313.000        1750.50
      314.000        1812.83
      315.000        1931.17
      316.000        1948.83
      317.000        2061.33
      318.000        2050.83
      319.000        2152.83
      320.000        2220.83
