% 1d
% 0642022_05_01_064_background
%  119
% from stack 0642022_05_01_064_background
      280.000        23237.7
      280.500        22886.0
      281.000        22677.0
      281.500        21766.3
      282.000        21885.5
      282.500        21444.6
      283.000        21459.6
      283.100        21187.5
      283.200        20754.4
      283.300        19991.4
      283.400        19164.2
      283.500        18200.8
      283.600        19460.6
      283.700        20363.7
      283.800        20345.7
      283.900        20703.3
      284.000        20528.8
      284.100        19507.1
      284.200        19237.3
      284.300        18354.5
      284.400        17233.2
      284.500        16189.3
      284.600        15438.5
      284.700        15587.8
      284.800        16006.8
      284.900        16602.8
      285.000        17067.3
      285.100        17495.9
      285.200        17858.1
      285.300        18711.0
      285.400        19280.6
      285.500        19398.7
      285.600        19444.9
      285.700        19773.1
      285.800        20132.3
      285.900        20164.8
      286.000        19943.9
      286.100        19522.6
      286.200        19516.0
      286.300        19447.7
      286.400        19498.9
      286.500        19177.6
      286.600        18870.5
      286.700        18693.4
      286.800        18325.9
      286.900        17917.9
      287.000        17501.7
      287.100        17147.5
      287.200        16806.5
      287.300        16465.7
      287.400        16263.7
      287.500        15875.0
      287.600        15716.6
      287.700        15298.7
      287.800        14958.6
      287.900        14502.3
      288.000        14076.2
      288.100        13862.9
      288.200        13863.6
      288.300        14006.7
      288.400        14153.8
      288.500        14190.6
      288.600        14204.2
      288.700        14099.4
      288.800        13914.9
      288.900        13661.9
      289.000        13507.5
      289.250        12918.1
      289.500        12545.5
      289.750        11825.0
      290.000        11629.4
      290.250        11512.6
      290.500        11343.7
      290.750        11087.3
      291.000        10810.4
      291.250        10801.5
      291.500        10690.3
      291.750        10456.5
      292.000        10470.7
      292.250        10436.5
      292.500        10335.5
      292.750        10449.4
      293.000        10211.1
      293.250        10340.4
      293.500        10503.7
      293.750        10762.3
      294.000        10701.3
      294.500        10700.7
      295.000        11053.9
      295.500        10743.0
      296.000        10779.5
      296.500        10696.6
      297.000        10870.5
      297.500        11591.7
      298.000        11628.6
      298.500        11586.8
      299.000        11766.7
      299.500        11664.2
      300.000        12230.3
      301.000        12967.9
      302.000        12786.1
      303.000        14501.7
      304.000        15377.1
      305.000        15306.2
      306.000        16637.3
      307.000        17693.2
      308.000        18265.4
      309.000        19394.5
      310.000        19906.8
      311.000        20208.9
      312.000        20100.7
      313.000        21090.1
      314.000        21766.4
      315.000        22381.8
      316.000        22579.6
      317.000        22971.4
      318.000        24240.1
      319.000        24956.7
      320.000        25112.6
