% 1d
% 2022_05_03_029_background
%  119
% from stack 2022_05_03_029_background
      280.000        21439.8
      280.500        21194.1
      281.000        20815.2
      281.500        20505.1
      282.000        20235.5
      282.500        20333.1
      283.000        20408.5
      283.100        20339.7
      283.200        20048.3
      283.300        19961.4
      283.400        19898.1
      283.500        19928.9
      283.600        19555.6
      283.700        19475.2
      283.800        19273.0
      283.900        18647.4
      284.000        18162.2
      284.100        17584.3
      284.200        16711.1
      284.300        15564.9
      284.400        14711.2
      284.500        14167.9
      284.600        14114.9
      284.700        14252.8
      284.800        14516.7
      284.900        15138.3
      285.000        15989.6
      285.100        17547.0
      285.200        18477.5
      285.300        18802.0
      285.400        18964.6
      285.500        18966.5
      285.600        19462.5
      285.700        19075.5
      285.800        18635.1
      285.900        18794.8
      286.000        18706.2
      286.100        18543.2
      286.200        18223.6
      286.300        17981.9
      286.400        17113.1
      286.500        16646.8
      286.600        16350.8
      286.700        15593.4
      286.800        15172.6
      286.900        14347.7
      287.000        14019.1
      287.100        13634.9
      287.200        13147.8
      287.300        13099.4
      287.400        12972.0
      287.500        12744.5
      287.600        12566.8
      287.700        12196.9
      287.800        11912.9
      287.900        11677.6
      288.000        11488.9
      288.100        11584.9
      288.200        11683.8
      288.300        11670.9
      288.400        11658.7
      288.500        11394.7
      288.600        11120.4
      288.700        10992.8
      288.800        10997.9
      288.900        10806.7
      289.000        10517.5
      289.250        9951.53
      289.500        9379.65
      289.750        9067.41
      290.000        8860.18
      290.250        8807.18
      290.500        8586.12
      290.750        8365.76
      291.000        8335.00
      291.250        8133.76
      291.500        8042.24
      291.750        8041.88
      292.000        8026.59
      292.250        8074.65
      292.500        7985.65
      292.750        8064.00
      293.000        8198.12
      293.250        8207.47
      293.500        8331.82
      293.750        8455.12
      294.000        8460.12
      294.500        8830.76
      295.000        8839.12
      295.500        9102.71
      296.000        9160.65
      296.500        9064.12
      297.000        9182.53
      297.500        9708.76
      298.000        9906.29
      298.500        9830.59
      299.000        9921.24
      299.500        9927.94
      300.000        10600.7
      301.000        11056.8
      302.000        11660.4
      303.000        12390.1
      304.000        13020.3
      305.000        14236.4
      306.000        15231.2
      307.000        15925.1
      308.000        16468.2
      309.000        17397.7
      310.000        18094.9
      311.000        19298.7
      312.000        20239.2
      313.000        22354.5
      314.000        21852.3
      315.000        21975.2
      316.000        22486.1
      317.000        22955.8
      318.000        23684.0
      319.000        24091.5
      320.000        24880.0
