% 1d
% 2022_04_30_077_background
%  119
% from stack 2022_04_30_077_background
      280.000        24312.2
      280.500        24431.8
      281.000        24004.1
      281.500        23738.1
      282.000        23373.1
      282.500        22895.4
      283.000        22825.9
      283.100        22590.1
      283.200        22665.9
      283.300        22656.3
      283.400        22387.3
      283.500        22278.3
      283.600        22287.9
      283.700        22015.1
      283.800        21528.4
      283.900        20800.5
      284.000        20147.5
      284.100        19207.0
      284.200        18537.6
      284.300        17656.8
      284.400        16717.2
      284.500        15981.1
      284.600        15999.4
      284.700        16208.8
      284.800        16605.2
      284.900        17198.0
      285.000        17888.8
      285.100        18651.2
      285.200        19658.3
      285.300        20212.0
      285.400        20680.0
      285.500        21023.5
      285.600        21117.8
      285.700        21260.1
      285.800        21076.6
      285.900        20783.3
      286.000        20502.5
      286.100        20423.9
      286.200        20194.1
      286.300        20172.3
      286.400        19946.1
      286.500        19662.9
      286.600        18869.1
      286.700        17862.5
      286.800        17176.3
      286.900        16476.5
      287.000        16011.3
      287.100        15538.9
      287.200        15143.9
      287.300        14576.2
      287.400        14326.8
      287.500        13809.6
      287.600        13297.3
      287.700        12979.4
      287.800        12534.8
      287.900        12334.7
      288.000        12177.8
      288.100        11984.4
      288.200        11927.0
      288.300        11912.8
      288.400        11876.4
      288.500        11666.9
      288.600        11574.7
      288.700        11328.7
      288.800        11172.1
      288.900        11167.4
      289.000        10948.8
      289.250        10514.8
      289.500        10168.9
      289.750        9651.25
      290.000        9483.75
      290.250        9304.13
      290.500        9050.81
      290.750        8925.56
      291.000        8727.00
      291.250        8280.44
      291.500        7964.75
      291.750        8157.81
      292.000        8304.19
      292.250        8325.25
      292.500        8225.06
      292.750        8298.88
      293.000        8283.44
      293.250        8301.13
      293.500        8554.63
      293.750        8703.38
      294.000        8733.25
      294.500        8933.81
      295.000        9149.13
      295.500        9234.69
      296.000        9302.00
      296.500        9188.25
      297.000        9148.69
      297.500        9556.63
      298.000        9853.88
      298.500        9834.56
      299.000        9917.13
      299.500        10018.8
      300.000        10633.6
      301.000        11319.6
      302.000        11865.9
      303.000        12695.0
      304.000        13517.4
      305.000        14520.1
      306.000        15715.1
      307.000        16670.8
      308.000        18628.0
      309.000        18433.0
      310.000        19286.8
      311.000        19891.8
      312.000        20113.1
      313.000        20801.4
      314.000        21061.9
      315.000        22098.5
      316.000        23935.2
      317.000        22863.8
      318.000        24556.4
      319.000        25183.8
      320.000        25845.3
