% 1d
% 2022_08_31_177_background
%  119
% from stack 2022_08_31_177_background
      280.000        1407.50
      280.500        1328.17
      281.000        1182.33
      281.500        1087.67
      282.000        984.083
      282.500        953.000
      283.000        849.000
      283.100        796.833
      283.200        740.167
      283.300        717.167
      283.400        664.750
      283.500        620.333
      283.600        587.917
      283.700        566.500
      283.800        519.750
      283.900        496.000
      284.000        463.500
      284.100        461.167
      284.200        457.250
      284.300        433.417
      284.400        424.417
      284.500        430.667
      284.600        456.333
      284.700        491.833
      284.800        523.667
      284.900        547.750
      285.000        573.083
      285.100        605.250
      285.200        621.833
      285.300        630.917
      285.400        626.667
      285.500        632.500
      285.600        654.333
      285.700        613.583
      285.800        606.917
      285.900        592.667
      286.000        568.833
      286.100        564.583
      286.200        558.250
      286.300        558.500
      286.400        548.333
      286.500        531.417
      286.600        540.917
      286.700        503.000
      286.800        474.417
      286.900        462.667
      287.000        452.000
      287.100        442.500
      287.200        431.750
      287.300        438.917
      287.400        416.500
      287.500        402.333
      287.600        375.917
      287.700        363.583
      287.800        351.167
      287.900        339.667
      288.000        338.167
      288.100        342.000
      288.200        342.250
      288.300        333.917
      288.400        343.833
      288.500        350.167
      288.600        358.000
      288.700        355.250
      288.800        350.083
      288.900        352.583
      289.000        340.833
      289.250        358.500
      289.500        362.083
      289.750        388.250
      290.000        423.083
      290.250        472.833
      290.500        505.500
      290.750        528.167
      291.000        545.167
      291.250        574.917
      291.500        597.500
      291.750        614.333
      292.000        639.583
      292.250        640.417
      292.500        637.667
      292.750        640.917
      293.000        668.750
      293.250        695.500
      293.500        723.917
      293.750        735.583
      294.000        743.500
      294.500        783.583
      295.000        819.000
      295.500        824.917
      296.000        843.417
      296.500        865.667
      297.000        900.000
      297.500        970.500
      298.000        1000.08
      298.500        989.750
      299.000        1029.83
      299.500        1021.08
      300.000        1070.58
      301.000        1135.75
      302.000        1079.42
      303.000        1299.50
      304.000        1447.50
      305.000        1540.58
      306.000        1678.42
      307.000        1809.75
      308.000        1903.67
      309.000        2002.42
      310.000        2153.42
      311.000        2220.67
      312.000        2388.58
      313.000        2472.58
      314.000        2547.83
      315.000        2601.17
      316.000        2698.83
      317.000        2775.00
      318.000        2824.17
      319.000        2827.92
      320.000        2859.00
