% 1d
% 2022_04_30_032_background
%  119
% from stack 2022_04_30_032_background
      280.000        19735.3
      280.500        18947.0
      281.000        18240.6
      281.500        17880.8
      282.000        18264.2
      282.500        18196.4
      283.000        18374.9
      283.100        18628.1
      283.200        18149.7
      283.300        17927.5
      283.400        17504.8
      283.500        17385.3
      283.600        17619.8
      283.700        17383.3
      283.800        17228.3
      283.900        16999.4
      284.000        16712.8
      284.100        16123.3
      284.200        15520.6
      284.300        14775.5
      284.400        14068.7
      284.500        13539.8
      284.600        13415.3
      284.700        13526.1
      284.800        13843.2
      284.900        14519.0
      285.000        14941.0
      285.100        15535.5
      285.200        15937.9
      285.300        16277.3
      285.400        16454.6
      285.500        16574.1
      285.600        16486.5
      285.700        16510.4
      285.800        16538.1
      285.900        15443.5
      286.000        14662.8
      286.100        14688.5
      286.200        15188.2
      286.300        15080.5
      286.400        15071.8
      286.500        14982.0
      286.600        14923.3
      286.700        14516.0
      286.800        14133.6
      286.900        13778.7
      287.000        12955.5
      287.100        12517.7
      287.200        12879.5
      287.300        12195.0
      287.400        12111.6
      287.500        12194.5
      287.600        11757.0
      287.700        11471.5
      287.800        11298.1
      287.900        11272.1
      288.000        10850.8
      288.100        10662.3
      288.200        10443.5
      288.300        10882.8
      288.400        11198.3
      288.500        11150.7
      288.600        11274.5
      288.700        11276.8
      288.800        11301.3
      288.900        11300.7
      289.000        10987.8
      289.250        10790.1
      289.500        10675.6
      289.750        10365.3
      290.000        10143.7
      290.250        9817.00
      290.500        9760.70
      290.750        9613.55
      291.000        9367.70
      291.250        9223.45
      291.500        9251.90
      291.750        9251.60
      292.000        9041.25
      292.250        8847.00
      292.500        8995.50
      292.750        9170.30
      293.000        9225.30
      293.250        8967.60
      293.500        9104.20
      293.750        9325.95
      294.000        9325.00
      294.500        9339.20
      295.000        9123.10
      295.500        9173.35
      296.000        9309.10
      296.500        9591.90
      297.000        10170.5
      297.500        10453.7
      298.000        10761.1
      298.500        10885.4
      299.000        10991.8
      299.500        10599.1
      300.000        10862.8
      301.000        11603.0
      302.000        11913.0
      303.000        12456.0
      304.000        13455.0
      305.000        14013.7
      306.000        14636.2
      307.000        15784.4
      308.000        17093.5
      309.000        18071.6
      310.000        18072.8
      311.000        18568.5
      312.000        18450.3
      313.000        19577.2
      314.000        20849.9
      315.000        20681.7
      316.000        19130.8
      317.000        19402.9
      318.000        20573.1
      319.000        22264.3
      320.000        21961.2
