% 1d
% 2022_09_01_009_background
%  119
% from stack 2022_09_01_009_background
      280.000        1272.14
      280.500        1225.14
      281.000        1071.57
      281.500        998.143
      282.000        949.571
      282.500        971.857
      283.000        827.571
      283.100        798.286
      283.200        741.714
      283.300        688.143
      283.400        635.000
      283.500        586.143
      283.600        559.429
      283.700        543.571
      283.800        490.143
      283.900        473.571
      284.000        463.857
      284.100        440.714
      284.200        439.286
      284.300        426.429
      284.400        394.143
      284.500        411.714
      284.600        408.143
      284.700        456.286
      284.800        476.000
      284.900        503.143
      285.000        516.714
      285.100        566.571
      285.200        595.714
      285.300        584.714
      285.400        616.000
      285.500        608.000
      285.600        577.857
      285.700        581.571
      285.800        556.714
      285.900        551.571
      286.000        540.571
      286.100        531.143
      286.200        523.143
      286.300        504.429
      286.400        510.143
      286.500        492.143
      286.600        491.286
      286.700        455.857
      286.800        456.857
      286.900        442.000
      287.000        418.286
      287.100        421.714
      287.200        405.429
      287.300        373.143
      287.400        381.429
      287.500        366.857
      287.600        354.286
      287.700        325.571
      287.800        321.571
      287.900        323.000
      288.000        316.714
      288.100        315.571
      288.200        310.857
      288.300        314.571
      288.400        320.857
      288.500        326.857
      288.600        311.429
      288.700        315.143
      288.800        321.571
      288.900        324.571
      289.000        320.857
      289.250        329.714
      289.500        333.571
      289.750        348.714
      290.000        382.000
      290.250        401.571
      290.500        431.714
      290.750        456.000
      291.000        481.571
      291.250        509.143
      291.500        497.143
      291.750        535.000
      292.000        545.857
      292.250        556.429
      292.500        568.000
      292.750        607.714
      293.000        614.143
      293.250        638.286
      293.500        650.143
      293.750        674.143
      294.000        682.000
      294.500        683.000
      295.000        715.571
      295.500        724.571
      296.000        740.000
      296.500        753.000
      297.000        808.714
      297.500        822.000
      298.000        850.571
      298.500        890.714
      299.000        883.429
      299.500        924.286
      300.000        1018.29
      301.000        1057.14
      302.000        1133.71
      303.000        1208.00
      304.000        1330.14
      305.000        1384.29
      306.000        1548.43
      307.000        1604.43
      308.000        1715.43
      309.000        1877.57
      310.000        1972.86
      311.000        2027.86
      312.000        2190.86
      313.000        2326.14
      314.000        2311.71
      315.000        2306.43
      316.000        2379.86
      317.000        2601.43
      318.000        2613.86
      319.000        2659.86
      320.000        2724.29
